time,enrolled,available,waitlisted,total
2023-02-16T04:20:51,0,26,0,26
2023-02-16T04:29:56,0,26,0,26
2023-02-16T04:40:18,0,26,0,26
2023-02-16T04:49:39,0,26,0,26
2023-02-16T04:58:43,0,26,0,26
2023-02-16T05:07:50,0,26,0,26
2023-02-16T05:16:55,0,26,0,26
2023-02-16T05:25:58,0,26,0,26
2023-02-16T05:35:01,0,26,0,26
2023-02-16T05:44:03,0,26,0,26
2023-02-16T05:53:05,0,26,0,26
2023-02-16T06:02:08,0,26,0,26
2023-02-16T06:11:12,0,26,0,26
2023-02-16T06:20:15,0,26,0,26
2023-02-16T06:29:17,0,26,0,26
2023-02-16T06:38:18,0,26,0,26
2023-02-16T06:47:21,0,26,0,26
2023-02-16T06:56:22,0,26,0,26
2023-02-16T07:05:27,0,26,0,26
2023-02-16T07:14:30,0,26,0,26
2023-02-16T07:23:33,0,26,0,26
2023-02-16T07:32:36,0,26,0,26
2023-02-16T07:41:39,0,26,0,26
2023-02-16T07:50:41,0,26,0,26
2023-02-16T07:59:44,0,26,0,26
2023-02-16T08:08:46,0,26,0,26
2023-02-16T08:17:48,0,26,0,26
2023-02-16T08:27:14,0,26,0,26
2023-02-16T08:36:17,0,26,0,26
2023-02-16T08:45:19,0,26,0,26
2023-02-16T08:54:22,0,26,0,26
2023-02-16T09:03:26,0,26,0,26
2023-02-16T09:12:29,0,26,0,26
2023-02-16T09:21:33,0,26,0,26
2023-02-16T09:30:37,0,26,0,26
2023-02-16T09:39:41,0,26,0,26
2023-02-16T09:48:44,0,26,0,26
2023-02-16T09:57:47,0,26,0,26
2023-02-16T10:06:51,0,26,0,26
2023-02-16T10:16:10,0,26,0,26
2023-02-16T10:25:14,0,26,0,26
2023-02-16T10:34:30,0,26,0,26
2023-02-16T10:43:34,0,26,0,26
2023-02-16T10:52:38,0,26,0,26
2023-02-16T11:01:42,0,26,0,26
2023-02-16T11:10:47,0,26,0,26
2023-02-16T11:19:51,0,26,0,26
2023-02-16T11:28:55,0,26,0,26
2023-02-16T11:38:00,0,26,0,26
2023-02-16T11:47:04,0,26,0,26
2023-02-16T11:56:08,0,26,0,26
2023-02-16T12:05:23,0,26,0,26
2023-02-16T12:14:26,0,26,0,26
2023-02-16T12:23:31,0,26,0,26
2023-02-16T12:32:35,0,26,0,26
2023-02-16T12:41:39,0,26,0,26
2023-02-16T12:50:42,0,26,0,26
2023-02-16T12:59:47,0,26,0,26
2023-02-16T13:08:54,0,26,0,26
2023-02-16T13:17:59,0,26,0,26
2023-02-16T13:27:03,0,26,0,26
2023-02-16T13:36:08,0,26,0,26
2023-02-16T13:45:13,0,26,0,26
2023-02-16T13:54:18,0,26,0,26
2023-02-16T14:03:37,0,26,0,26
2023-02-16T14:12:42,0,26,0,26
2023-02-16T14:21:48,0,26,0,26
2023-02-16T14:30:53,0,26,0,26
2023-02-16T14:39:57,0,26,0,26
2023-02-16T14:49:03,0,26,0,26
2023-02-16T14:58:07,0,26,0,26
2023-02-16T15:07:12,0,26,0,26
2023-02-16T15:16:36,0,26,0,26
2023-02-16T15:25:41,0,26,0,26
2023-02-16T15:34:46,0,26,0,26
2023-02-16T15:43:52,0,26,0,26
2023-02-16T15:52:58,0,26,0,26
2023-02-16T16:02:05,0,26,0,26
2023-02-16T16:11:31,0,26,0,26
2023-02-16T16:20:37,0,26,0,26
2023-02-16T16:29:42,0,26,0,26
2023-02-16T16:38:47,0,26,0,26
2023-02-16T16:47:52,0,26,0,26
2023-02-16T16:56:57,0,26,0,26
2023-02-16T17:06:02,0,26,0,26
2023-02-16T17:15:09,0,26,0,26
2023-02-16T17:24:14,0,26,0,26
2023-02-16T17:33:40,0,26,0,26
2023-02-16T17:42:45,0,26,0,26
2023-02-16T17:51:49,0,26,0,26
2023-02-16T18:00:53,0,26,0,26
2023-02-16T18:09:57,0,26,0,26
2023-02-16T18:19:01,0,26,0,26
2023-02-16T18:28:05,0,26,0,26
2023-02-16T18:37:08,0,26,0,26
2023-02-16T18:46:12,0,26,0,26
2023-02-16T18:55:15,0,26,0,26
2023-02-16T19:04:19,0,26,0,26
2023-02-16T19:13:24,0,26,0,26
2023-02-16T19:22:38,0,26,0,26
2023-02-16T19:31:42,0,26,0,26
2023-02-16T19:40:46,0,26,0,26
2023-02-16T19:49:49,0,26,0,26
2023-02-16T19:58:53,0,26,0,26
2023-02-16T20:07:57,0,26,0,26
2023-02-16T20:17:01,0,26,0,26
2023-02-16T20:26:04,0,26,0,26
2023-02-16T20:35:08,0,26,0,26
2023-02-16T20:44:12,0,26,0,26
2023-02-16T20:53:15,0,26,0,26
2023-02-16T21:02:18,0,26,0,26
2023-02-16T21:11:22,0,26,0,26
2023-02-16T21:20:36,0,26,0,26
2023-02-16T21:29:40,0,26,0,26
2023-02-16T21:38:44,0,26,0,26
2023-02-16T21:47:47,0,26,0,26
2023-02-16T21:56:51,0,26,0,26
2023-02-16T22:05:55,0,26,0,26
2023-02-16T22:14:59,0,26,0,26
2023-02-16T22:24:02,0,26,0,26
2023-02-16T22:33:06,0,26,0,26
2023-02-16T22:42:09,0,26,0,26
2023-02-16T22:51:12,0,26,0,26
2023-02-16T23:00:15,0,26,0,26
2023-02-16T23:09:19,0,26,0,26
2023-02-16T23:18:23,0,26,0,26
2023-02-16T23:27:38,0,26,0,26
2023-02-16T23:36:42,0,26,0,26
2023-02-16T23:45:45,0,26,0,26
2023-02-16T23:54:48,0,26,0,26
2023-02-17T00:03:51,0,26,0,26
2023-02-17T00:57:59,0,26,0,26
2023-02-17T01:07:09,0,26,0,26
2023-02-17T01:16:14,0,26,0,26
2023-02-17T01:25:19,0,26,0,26
2023-02-17T01:34:25,0,26,0,26
2023-02-17T01:43:30,0,26,0,26
2023-02-17T01:52:34,0,26,0,26
2023-02-17T02:01:13,0,26,0,26
2023-02-17T02:10:17,0,26,0,26
2023-02-17T02:19:21,0,26,0,26
2023-02-17T02:28:24,0,26,0,26
2023-02-17T02:37:28,0,26,0,26
2023-02-17T02:46:31,0,26,0,26
2023-02-17T02:55:36,0,26,0,26
2023-02-17T03:04:41,0,26,0,26
2023-02-17T03:13:48,0,26,0,26
2023-02-17T03:22:52,0,26,0,26
2023-02-17T03:31:57,0,26,0,26
2023-02-17T03:41:03,0,26,0,26
2023-02-17T03:50:07,0,26,0,26
2023-02-17T03:59:12,0,26,0,26
2023-02-17T04:08:18,0,26,0,26
2023-02-17T04:17:23,0,26,0,26
2023-02-17T04:28:27,0,26,0,26
2023-02-17T04:37:57,0,26,0,26
2023-02-17T04:47:04,0,26,0,26
2023-02-17T04:56:10,0,26,0,26
2023-02-17T05:05:17,0,26,0,26
2023-02-17T05:14:24,0,26,0,26
2023-02-17T05:23:29,0,26,0,26
2023-02-17T05:32:33,0,26,0,26
2023-02-17T05:41:36,0,26,0,26
2023-02-17T05:50:40,0,26,0,26
2023-02-17T05:59:43,0,26,0,26
2023-02-17T06:08:49,0,26,0,26
2023-02-17T06:17:53,0,26,0,26
2023-02-17T06:26:57,0,26,0,26
2023-02-17T06:35:59,0,26,0,26
2023-02-17T06:45:02,0,26,0,26
2023-02-17T06:54:04,0,26,0,26
2023-02-17T07:03:08,0,26,0,26
2023-02-17T07:12:12,0,26,0,26
2023-02-17T07:21:15,0,26,0,26
2023-02-17T07:30:21,0,26,0,26
2023-02-17T07:39:26,0,26,0,26
2023-02-17T07:48:30,0,26,0,26
2023-02-17T07:57:34,0,26,0,26
2023-02-17T08:06:39,0,26,0,26
2023-02-17T08:15:43,0,26,0,26
2023-02-17T08:24:48,0,26,0,26
2023-02-17T08:33:53,0,26,0,26
2023-02-17T08:42:58,0,26,0,26
2023-02-17T08:52:02,0,26,0,26
2023-02-17T09:01:07,0,26,0,26
2023-02-17T09:10:12,0,26,0,26
2023-02-17T09:19:17,0,26,0,26
2023-02-17T09:28:21,0,26,0,26
2023-02-17T09:37:26,0,26,0,26
2023-02-17T09:46:33,0,26,0,26
2023-02-17T09:55:38,0,26,0,26
2023-02-17T10:04:55,0,26,0,26
2023-02-17T10:14:02,0,26,0,26
2023-02-17T10:23:10,0,26,0,26
2023-02-17T10:32:17,0,26,0,26
2023-02-17T10:41:24,0,26,0,26
2023-02-17T10:50:32,0,26,0,26
2023-02-17T10:59:39,0,26,0,26
2023-02-17T11:08:45,0,26,0,26
2023-02-17T11:17:52,0,26,0,26
2023-02-17T11:26:59,0,26,0,26
2023-02-17T11:36:19,0,26,0,26
2023-02-17T11:45:28,0,26,0,26
2023-02-17T11:54:35,0,26,0,26
2023-02-17T12:03:42,0,26,0,26
2023-02-17T12:12:48,0,26,0,26
2023-02-17T12:21:54,0,26,0,26
2023-02-17T12:31:00,0,26,0,26
2023-02-17T12:40:06,0,26,0,26
2023-02-17T12:49:12,0,26,0,26
2023-02-17T12:58:19,0,26,0,26
2023-02-17T13:07:37,0,26,0,26
2023-02-17T13:16:45,0,26,0,26
2023-02-17T13:25:52,0,26,0,26
2023-02-17T13:34:59,0,26,0,26
2023-02-17T13:44:06,0,26,0,26
2023-02-17T13:53:13,0,26,0,26
2023-02-17T14:02:23,0,26,0,26
2023-02-17T14:11:43,0,26,0,26
2023-02-17T14:20:55,0,26,0,26
2023-02-17T14:30:09,0,26,0,26
2023-02-17T14:39:19,0,26,0,26
2023-02-17T14:48:26,0,26,0,26
2023-02-17T14:57:34,0,26,0,26
2023-02-17T15:06:52,0,26,0,26
2023-02-17T15:15:59,0,26,0,26
2023-02-17T15:25:06,0,26,0,26
2023-02-17T15:34:13,0,26,0,26
2023-02-17T15:43:20,0,26,0,26
2023-02-17T15:52:28,0,26,0,26
2023-02-17T16:01:35,0,26,0,26
2023-02-17T16:10:51,0,26,0,26
2023-02-17T16:19:57,0,26,0,26
2023-02-17T16:29:03,0,26,0,26
2023-02-17T16:38:09,0,26,0,26
2023-02-17T16:47:15,0,26,0,26
2023-02-17T16:56:21,0,26,0,26
2023-02-17T17:05:27,0,26,0,26
2023-02-17T17:14:33,0,26,0,26
2023-02-17T17:23:38,0,26,0,26
2023-02-17T17:32:43,0,26,0,26
2023-02-17T17:41:49,0,26,0,26
2023-02-17T17:50:57,0,26,0,26
2023-02-17T18:00:14,0,26,0,26
2023-02-17T18:09:21,0,26,0,26
2023-02-17T18:18:27,0,26,0,26
2023-02-17T18:27:33,0,26,0,26
2023-02-17T18:36:41,0,26,0,26
2023-02-17T18:45:47,0,26,0,26
2023-02-17T18:54:54,0,26,0,26
2023-02-17T19:04:00,0,26,0,26
2023-02-17T19:13:06,0,26,0,26
2023-02-17T19:22:12,0,26,0,26
2023-02-17T19:31:18,0,26,0,26
2023-02-17T19:40:23,0,26,0,26
2023-02-17T19:49:29,0,26,0,26
2023-02-17T19:58:33,0,26,0,26
2023-02-17T20:07:49,0,26,0,26
2023-02-17T20:16:54,0,26,0,26
2023-02-17T20:26:00,0,26,0,26
2023-02-17T20:35:05,0,26,0,26
2023-02-17T20:44:10,0,26,0,26
2023-02-17T20:53:16,0,26,0,26
2023-02-17T21:02:21,0,26,0,26
2023-02-17T21:11:26,0,26,0,26
2023-02-17T21:20:30,0,26,0,26
2023-02-17T21:29:35,0,26,0,26
2023-02-17T21:38:39,0,26,0,26
2023-02-17T21:47:44,0,26,0,26
2023-02-17T21:56:49,0,26,0,26
2023-02-17T22:06:05,0,26,0,26
2023-02-17T22:15:09,0,26,0,26
2023-02-17T22:24:14,0,26,0,26
2023-02-17T22:33:19,0,26,0,26
2023-02-17T22:42:24,0,26,0,26
2023-02-17T22:51:28,0,26,0,26
2023-02-17T23:00:33,0,26,0,26
2023-02-17T23:09:39,0,26,0,26
2023-02-17T23:18:44,0,26,0,26
2023-02-17T23:27:50,0,26,0,26
2023-02-17T23:36:55,0,26,0,26
2023-02-17T23:46:00,0,26,0,26
2023-02-17T23:55:16,0,26,0,26
2023-02-18T00:05:43,0,26,0,26
2023-02-18T00:14:52,0,26,0,26
2023-02-18T00:23:59,0,26,0,26
2023-02-18T00:33:04,0,26,0,26
2023-02-18T00:42:10,0,26,0,26
2023-02-18T00:51:16,0,26,0,26
2023-02-18T01:00:22,0,26,0,26
2023-02-18T01:09:29,0,26,0,26
2023-02-18T01:18:35,0,26,0,26
2023-02-18T01:27:39,0,26,0,26
2023-02-18T01:37:04,0,26,0,26
2023-02-18T01:46:08,0,26,0,26
2023-02-18T01:55:12,0,26,0,26
2023-02-18T02:04:17,0,26,0,26
2023-02-18T02:13:23,0,26,0,26
2023-02-18T02:22:29,0,26,0,26
2023-02-18T02:31:34,0,26,0,26
2023-02-18T02:40:38,0,26,0,26
2023-02-18T02:49:41,0,26,0,26
2023-02-18T02:58:44,0,26,0,26
2023-02-18T03:07:48,0,26,0,26
2023-02-18T03:16:52,0,26,0,26
2023-02-18T03:25:55,0,26,0,26
2023-02-18T03:35:09,0,26,0,26
2023-02-18T03:44:14,0,26,0,26
2023-02-18T03:53:19,0,26,0,26
2023-02-18T04:02:24,0,26,0,26
2023-02-18T04:26:07,0,26,0,26
2023-02-18T04:35:36,0,26,0,26
2023-02-18T04:44:44,0,26,0,26
2023-02-18T04:53:50,0,26,0,26
2023-02-18T05:02:55,0,26,0,26
2023-02-18T05:12:02,0,26,0,26
2023-02-18T05:21:05,0,26,0,26
2023-02-18T05:30:10,0,26,0,26
2023-02-18T05:39:14,0,26,0,26
2023-02-18T05:48:18,0,26,0,26
2023-02-18T05:57:22,0,26,0,26
2023-02-18T06:06:28,0,26,0,26
2023-02-18T06:15:34,0,26,0,26
2023-02-18T06:24:39,0,26,0,26
2023-02-18T06:33:45,0,26,0,26
2023-02-18T06:42:53,0,26,0,26
2023-02-18T06:51:59,0,26,0,26
2023-02-18T07:01:05,0,26,0,26
2023-02-18T07:10:14,0,26,0,26
2023-02-18T07:19:22,0,26,0,26
2023-02-18T07:28:28,0,26,0,26
2023-02-18T07:37:37,0,26,0,26
2023-02-18T07:46:45,0,26,0,26
2023-02-18T07:55:54,0,26,0,26
2023-02-18T08:05:01,0,26,0,26
2023-02-18T08:14:07,0,26,0,26
2023-02-18T08:23:24,0,26,0,26
2023-02-18T08:32:31,0,26,0,26
2023-02-18T08:41:37,0,26,0,26
2023-02-18T08:50:44,0,26,0,26
2023-02-18T08:59:52,0,26,0,26
2023-02-18T09:08:58,0,26,0,26
2023-02-18T09:18:04,0,26,0,26
2023-02-18T09:27:09,0,26,0,26
2023-02-18T09:36:14,0,26,0,26
2023-02-18T09:45:20,1,25,0,26
2023-02-18T09:54:26,1,25,0,26
2023-02-18T10:03:40,1,25,0,26
2023-02-18T10:12:46,1,25,0,26
2023-02-18T10:21:51,1,25,0,26
2023-02-18T10:30:58,1,25,0,26
2023-02-18T10:40:04,1,25,0,26
2023-02-18T10:49:09,1,25,0,26
2023-02-18T10:58:15,1,25,0,26
2023-02-18T11:06:33,1,25,0,26
2023-02-18T11:15:38,1,25,0,26
2023-02-18T11:24:53,1,25,0,26
2023-02-18T11:33:57,1,25,0,26
2023-02-18T11:43:01,1,25,0,26
2023-02-18T11:52:04,1,25,0,26
2023-02-18T12:01:07,1,25,0,26
2023-02-18T12:10:11,1,25,0,26
2023-02-18T12:19:15,1,25,0,26
2023-02-18T12:28:19,1,25,0,26
2023-02-18T12:37:43,1,25,0,26
2023-02-18T12:46:47,1,25,0,26
2023-02-18T12:55:50,1,25,0,26
2023-02-18T13:04:54,1,25,0,26
2023-02-18T13:13:58,1,25,0,26
2023-02-18T13:23:02,1,25,0,26
2023-02-18T13:32:06,1,25,0,26
2023-02-18T13:41:10,1,25,0,26
2023-02-18T13:50:14,1,25,0,26
2023-02-18T13:59:17,1,25,0,26
2023-02-18T14:08:38,1,25,0,26
2023-02-18T14:17:41,1,25,0,26
2023-02-18T14:26:45,1,25,0,26
2023-02-18T14:35:48,1,25,0,26
2023-02-18T14:44:51,1,25,0,26
2023-02-18T14:53:55,1,25,0,26
2023-02-18T15:02:59,1,25,0,26
2023-02-18T15:12:03,1,25,0,26
2023-02-18T15:21:06,1,25,0,26
2023-02-18T15:30:09,1,25,0,26
2023-02-18T15:39:13,1,25,0,26
2023-02-18T15:48:17,1,25,0,26
2023-02-18T15:57:20,1,25,0,26
2023-02-18T16:06:33,1,25,0,26
2023-02-18T16:15:37,1,25,0,26
2023-02-18T16:24:41,1,25,0,26
2023-02-18T16:33:45,1,25,0,26
2023-02-18T16:42:49,1,25,0,26
2023-02-18T16:51:53,1,25,0,26
2023-02-18T17:00:57,2,24,0,26
2023-02-18T17:10:01,2,24,0,26
2023-02-18T17:19:06,2,24,0,26
2023-02-18T17:28:11,2,24,0,26
2023-02-18T17:37:15,2,24,0,26
2023-02-18T17:46:40,2,24,0,26
2023-02-18T17:55:43,2,24,0,26
2023-02-18T18:04:47,2,24,0,26
2023-02-18T18:13:50,2,24,0,26
2023-02-18T18:22:54,3,23,0,26
2023-02-18T18:31:57,3,23,0,26
2023-02-18T18:41:04,3,23,0,26
2023-02-18T18:50:07,3,23,0,26
2023-02-18T18:59:11,4,22,0,26
2023-02-18T19:08:15,5,21,0,26
2023-02-18T19:17:19,5,21,0,26
2023-02-18T19:26:25,5,21,0,26
2023-02-18T19:35:48,5,21,0,26
2023-02-18T19:44:52,5,21,0,26
2023-02-18T19:53:56,5,21,0,26
2023-02-18T20:03:00,5,21,0,26
2023-02-18T20:12:04,6,20,0,26
2023-02-18T20:21:08,6,20,0,26
2023-02-18T20:30:11,6,20,0,26
2023-02-18T20:39:15,6,20,0,26
2023-02-18T20:48:19,7,19,0,26
2023-02-18T20:57:22,7,19,0,26
2023-02-18T21:06:26,7,19,0,26
2023-02-18T21:15:39,7,19,0,26
2023-02-18T21:24:42,7,19,0,26
2023-02-18T21:33:46,7,19,0,26
2023-02-18T21:42:50,7,19,0,26
2023-02-18T21:51:53,7,19,0,26
2023-02-18T22:00:57,7,19,0,26
2023-02-18T22:10:00,7,19,0,26
2023-02-18T22:19:03,7,19,0,26
2023-02-18T22:28:07,7,19,0,26
2023-02-18T22:37:10,7,19,0,26
2023-02-18T22:46:13,7,19,0,26
2023-02-18T22:55:17,7,19,0,26
2023-02-18T23:04:22,7,19,0,26
2023-02-18T23:13:27,7,19,0,26
2023-02-18T23:22:31,7,19,0,26
2023-02-18T23:31:34,7,19,0,26
2023-02-18T23:40:38,7,19,0,26
2023-02-18T23:49:41,7,19,0,26
2023-02-18T23:58:54,7,19,0,26
2023-02-19T00:08:00,7,19,0,26
2023-02-19T00:17:04,7,19,0,26
2023-02-19T00:26:10,7,19,0,26
2023-02-19T00:35:16,7,19,0,26
2023-02-19T00:44:20,7,19,0,26
2023-02-19T00:53:25,7,19,0,26
2023-02-19T01:02:30,7,19,0,26
2023-02-19T01:11:34,7,19,0,26
2023-02-19T01:20:38,7,19,0,26
2023-02-19T01:48:55,7,19,0,26
2023-02-19T01:58:00,7,19,0,26
2023-02-19T02:07:09,7,19,0,26
2023-02-19T02:16:18,7,19,0,26
2023-02-19T02:25:25,7,19,0,26
2023-02-19T02:34:32,7,19,0,26
2023-02-19T02:43:38,7,19,0,26
2023-02-19T02:52:45,7,19,0,26
2023-02-19T03:01:59,7,19,0,26
2023-02-19T03:11:05,7,19,0,26
2023-02-19T03:20:11,7,19,0,26
2023-02-19T03:29:19,7,19,0,26
2023-02-19T03:38:26,7,19,0,26
2023-02-19T03:47:32,7,19,0,26
2023-02-19T03:56:38,7,19,0,26
2023-02-19T04:05:44,7,19,0,26
2023-02-19T04:19:59,7,19,0,26
2023-02-19T04:29:29,7,19,0,26
2023-02-19T04:38:39,7,19,0,26
2023-02-19T04:47:49,7,19,0,26
2023-02-19T04:57:00,7,19,0,26
2023-02-19T05:06:12,7,19,0,26
2023-02-19T05:15:24,7,19,0,26
2023-02-19T05:24:33,7,19,0,26
2023-02-19T05:33:42,7,19,0,26
2023-02-19T05:42:53,7,19,0,26
2023-02-19T05:52:06,7,19,0,26
2023-02-19T06:01:20,7,19,0,26
2023-02-19T06:10:35,7,19,0,26
2023-02-19T06:19:47,7,19,0,26
2023-02-19T06:28:57,7,19,0,26
2023-02-19T06:38:06,7,19,0,26
2023-02-19T06:47:17,7,19,0,26
2023-02-19T06:56:26,7,19,0,26
2023-02-19T07:05:33,7,19,0,26
2023-02-19T07:14:41,7,19,0,26
2023-02-19T07:23:48,7,19,0,26
2023-02-19T07:32:55,7,19,0,26
2023-02-19T07:42:02,7,19,0,26
2023-02-19T07:51:10,7,19,0,26
2023-02-19T08:00:18,7,19,0,26
2023-02-19T08:09:24,7,19,0,26
2023-02-19T08:18:31,7,19,0,26
2023-02-19T08:27:39,7,19,0,26
2023-02-19T08:36:46,7,19,0,26
2023-02-19T08:45:52,7,19,0,26
2023-02-19T08:54:58,7,19,0,26
2023-02-19T09:04:04,7,19,0,26
2023-02-19T09:13:12,7,19,0,26
2023-02-19T09:22:19,7,19,0,26
2023-02-19T09:31:26,7,19,0,26
2023-02-19T09:40:33,7,19,0,26
2023-02-19T09:49:39,7,19,0,26
2023-02-19T09:58:45,7,19,0,26
2023-02-19T10:07:52,7,19,0,26
2023-02-19T10:16:58,7,19,0,26
2023-02-19T10:26:06,7,19,0,26
2023-02-19T10:35:13,7,19,0,26
2023-02-19T10:44:20,7,19,0,26
2023-02-19T10:53:30,7,19,0,26
2023-02-19T11:02:38,7,19,0,26
2023-02-19T11:11:44,7,19,0,26
2023-02-19T11:21:04,7,19,0,26
2023-02-19T11:30:18,7,19,0,26
2023-02-19T11:39:32,7,19,0,26
2023-02-19T11:48:46,7,19,0,26
2023-02-19T11:57:59,7,19,0,26
2023-02-19T12:07:13,7,19,0,26
2023-02-19T12:16:27,7,19,0,26
2023-02-19T12:25:42,7,19,0,26
2023-02-19T12:34:56,7,19,0,26
2023-02-19T12:44:10,7,19,0,26
2023-02-19T12:53:23,7,19,0,26
2023-02-19T13:02:38,7,19,0,26
2023-02-19T13:11:52,7,19,0,26
2023-02-19T13:21:03,7,19,0,26
2023-02-19T13:30:13,7,19,0,26
2023-02-19T13:39:22,7,19,0,26
2023-02-19T13:48:41,7,19,0,26
2023-02-19T13:57:49,7,19,0,26
2023-02-19T14:06:56,7,19,0,26
2023-02-19T14:16:04,7,19,0,26
2023-02-19T14:25:11,7,19,0,26
2023-02-19T14:34:18,7,19,0,26
2023-02-19T14:43:25,7,19,0,26
2023-02-19T14:52:33,7,19,0,26
2023-02-19T15:01:42,7,19,0,26
2023-02-19T15:10:49,7,19,0,26
2023-02-19T15:19:56,7,19,0,26
2023-02-19T15:29:04,7,19,0,26
2023-02-19T15:38:11,7,19,0,26
2023-02-19T15:47:19,7,19,0,26
2023-02-19T15:56:37,7,19,0,26
2023-02-19T16:05:45,7,19,0,26
2023-02-19T16:14:53,7,19,0,26
2023-02-19T16:24:00,7,19,0,26
2023-02-19T16:33:08,7,19,0,26
2023-02-19T16:42:15,7,19,0,26
2023-02-19T16:51:22,7,19,0,26
2023-02-19T17:00:30,7,19,0,26
2023-02-19T17:09:36,7,19,0,26
2023-02-19T17:18:43,7,19,0,26
2023-02-19T17:27:48,7,19,0,26
2023-02-19T17:36:55,7,19,0,26
2023-02-19T17:46:01,7,19,0,26
2023-02-19T17:55:07,7,19,0,26
2023-02-19T18:04:12,7,19,0,26
2023-02-19T18:13:19,7,19,0,26
2023-02-19T18:22:34,7,19,0,26
2023-02-19T18:31:41,7,19,0,26
2023-02-19T18:40:47,7,19,0,26
2023-02-19T18:49:53,7,19,0,26
2023-02-19T18:58:58,7,19,0,26
2023-02-19T19:08:07,7,19,0,26
2023-02-19T19:17:13,7,19,0,26
2023-02-19T19:26:19,7,19,0,26
2023-02-19T19:35:24,7,19,0,26
2023-02-19T19:44:31,7,19,0,26
2023-02-19T19:53:36,7,19,0,26
2023-02-19T20:02:42,7,19,0,26
2023-02-19T20:11:47,7,19,0,26
2023-02-19T20:21:02,7,19,0,26
2023-02-19T20:30:07,7,19,0,26
2023-02-19T20:39:13,7,19,0,26
2023-02-19T20:48:19,7,19,0,26
2023-02-19T20:57:25,7,19,0,26
2023-02-19T21:06:31,7,19,0,26
2023-02-19T21:15:37,7,19,0,26
2023-02-19T21:24:43,7,19,0,26
2023-02-19T21:33:49,7,19,0,26
2023-02-19T21:42:55,7,19,0,26
2023-02-19T21:52:01,7,19,0,26
2023-02-19T22:01:08,7,19,0,26
2023-02-19T22:10:15,7,19,0,26
2023-02-19T22:19:21,7,19,0,26
2023-02-19T22:28:28,7,19,0,26
2023-02-19T22:37:33,7,19,0,26
2023-02-19T22:46:49,7,19,0,26
2023-02-19T22:55:55,7,19,0,26
2023-02-19T23:05:03,7,19,0,26
2023-02-19T23:14:09,7,19,0,26
2023-02-19T23:23:15,7,19,0,26
2023-02-19T23:32:22,7,19,0,26
2023-02-19T23:41:29,7,19,0,26
2023-02-19T23:50:35,7,19,0,26
2023-02-19T23:59:42,7,19,0,26
2023-02-20T00:08:51,7,19,0,26
2023-02-20T00:18:03,7,19,0,26
2023-02-20T00:27:13,7,19,0,26
2023-02-20T00:36:21,7,19,0,26
2023-02-20T00:45:36,7,19,0,26
2023-02-20T00:54:44,7,19,0,26
2023-02-20T01:03:51,7,19,0,26
2023-02-20T01:13:33,7,19,0,26
2023-02-20T01:22:43,7,19,0,26
2023-02-20T01:31:54,7,19,0,26
2023-02-20T01:41:05,7,19,0,26
2023-02-20T01:50:12,7,19,0,26
2023-02-20T01:59:21,7,19,0,26
2023-02-20T02:08:47,7,19,0,26
2023-02-20T02:17:56,7,19,0,26
2023-02-20T02:27:05,7,19,0,26
2023-02-20T02:36:13,7,19,0,26
2023-02-20T02:45:21,7,19,0,26
2023-02-20T02:54:28,7,19,0,26
2023-02-20T03:03:35,7,19,0,26
2023-02-20T03:12:41,7,19,0,26
2023-02-20T03:21:48,7,19,0,26
2023-02-20T03:30:55,7,19,0,26
2023-02-20T03:40:03,7,19,0,26
2023-02-20T03:49:13,7,19,0,26
2023-02-20T03:58:26,7,19,0,26
2023-02-20T04:09:18,7,19,0,26
2023-02-20T04:18:29,7,19,0,26
2023-02-20T04:29:23,7,19,0,26
2023-02-20T04:38:56,7,19,0,26
2023-02-20T04:48:11,7,19,0,26
2023-02-20T04:57:23,7,19,0,26
2023-02-20T05:06:35,7,19,0,26
2023-02-20T05:15:46,7,19,0,26
2023-02-20T05:24:56,7,19,0,26
2023-02-20T05:34:07,7,19,0,26
2023-02-20T05:43:17,7,19,0,26
2023-02-20T05:52:28,7,19,0,26
2023-02-20T06:01:37,7,19,0,26
2023-02-20T06:10:45,7,19,0,26
2023-02-20T06:19:53,7,19,0,26
2023-02-20T06:29:00,7,19,0,26
2023-02-20T06:38:08,7,19,0,26
2023-02-20T06:47:18,7,19,0,26
2023-02-20T06:56:25,7,19,0,26
2023-02-20T07:05:33,7,19,0,26
2023-02-20T07:14:40,7,19,0,26
2023-02-20T07:23:47,7,19,0,26
2023-02-20T07:32:55,7,19,0,26
2023-02-20T07:42:01,7,19,0,26
2023-02-20T07:51:08,7,19,0,26
2023-02-20T08:00:14,7,19,0,26
2023-02-20T08:09:20,7,19,0,26
2023-02-20T08:18:26,7,19,0,26
2023-02-20T08:27:32,7,19,0,26
2023-02-20T08:36:38,7,19,0,26
2023-02-20T08:45:43,7,19,0,26
2023-02-20T08:54:49,7,19,0,26
2023-02-20T09:03:55,7,19,0,26
2023-02-20T09:13:01,7,19,0,26
2023-02-20T09:22:07,8,18,0,26
2023-02-20T09:31:13,8,18,0,26
2023-02-20T09:40:20,8,18,0,26
2023-02-20T09:49:27,8,18,0,26
2023-02-20T09:58:33,8,18,0,26
2023-02-20T10:07:39,8,18,0,26
2023-02-20T10:16:45,8,18,0,26
2023-02-20T10:25:52,8,18,0,26
2023-02-20T10:35:11,8,18,0,26
2023-02-20T10:44:18,8,18,0,26
2023-02-20T10:53:25,8,18,0,26
2023-02-20T11:02:32,8,18,0,26
2023-02-20T11:11:38,8,18,0,26
2023-02-20T11:20:44,8,18,0,26
2023-02-20T11:29:51,8,18,0,26
2023-02-20T11:38:58,8,18,0,26
2023-02-20T11:48:05,8,18,0,26
2023-02-20T11:57:12,8,18,0,26
2023-02-20T12:06:30,8,18,0,26
2023-02-20T12:15:37,8,18,0,26
2023-02-20T12:24:43,8,18,0,26
2023-02-20T12:33:51,8,18,0,26
2023-02-20T12:42:58,8,18,0,26
2023-02-20T12:52:04,8,18,0,26
2023-02-20T13:01:11,8,18,0,26
2023-02-20T13:10:19,8,18,0,26
2023-02-20T13:19:26,8,18,0,26
2023-02-20T13:28:43,9,17,0,26
2023-02-20T13:37:51,9,17,0,26
2023-02-20T13:47:00,9,17,0,26
2023-02-20T13:56:07,9,17,0,26
2023-02-20T14:05:15,9,17,0,26
2023-02-20T14:14:23,9,17,0,26
2023-02-20T14:23:31,9,17,0,26
2023-02-20T14:32:49,9,17,0,26
2023-02-20T14:41:58,9,17,0,26
2023-02-20T14:51:05,9,17,0,26
2023-02-20T15:00:13,9,17,0,26
2023-02-20T15:09:21,9,17,0,26
2023-02-20T15:18:29,9,17,0,26
2023-02-20T15:27:37,9,17,0,26
2023-02-20T15:36:45,9,17,0,26
2023-02-20T15:46:02,9,17,0,26
2023-02-20T15:55:10,9,17,0,26
2023-02-20T16:04:18,9,17,0,26
2023-02-20T16:13:25,9,17,0,26
2023-02-20T16:22:33,9,17,0,26
2023-02-20T16:31:40,9,17,0,26
2023-02-20T16:40:47,9,17,0,26
2023-02-20T16:50:05,9,17,0,26
2023-02-20T16:59:12,9,17,0,26
2023-02-20T17:08:22,9,17,0,26
2023-02-20T17:17:42,9,17,0,26
2023-02-20T17:26:50,9,17,0,26
2023-02-20T17:35:57,9,17,0,26
2023-02-20T17:45:07,9,17,0,26
2023-02-20T17:54:23,9,17,0,26
2023-02-20T18:03:30,9,17,0,26
2023-02-20T18:12:39,9,17,0,26
2023-02-20T18:21:47,9,17,0,26
2023-02-20T18:30:56,9,17,0,26
2023-02-20T18:40:05,9,17,0,26
2023-02-20T18:49:14,9,17,0,26
2023-02-20T18:58:30,9,17,0,26
2023-02-20T19:07:39,9,17,0,26
2023-02-20T19:16:47,9,17,0,26
2023-02-20T19:25:55,9,17,0,26
2023-02-20T19:35:04,9,17,0,26
2023-02-20T19:44:11,9,17,0,26
2023-02-20T19:53:29,9,17,0,26
2023-02-20T20:02:37,9,17,0,26
2023-02-20T20:11:44,10,16,0,26
2023-02-20T20:20:51,10,16,0,26
2023-02-20T20:29:58,10,16,0,26
2023-02-20T20:39:06,10,16,0,26
2023-02-20T20:48:15,10,16,0,26
2023-02-20T20:57:34,11,15,0,26
2023-02-20T21:06:41,11,15,0,26
2023-02-20T21:15:48,11,15,0,26
2023-02-20T21:24:55,11,15,0,26
2023-02-20T21:34:01,11,15,0,26
2023-02-20T21:43:08,11,15,0,26
2023-02-20T21:52:14,11,15,0,26
2023-02-20T22:01:30,11,15,0,26
2023-02-20T22:10:37,11,15,0,26
2023-02-20T22:19:44,11,15,0,26
2023-02-20T22:28:50,11,15,0,26
2023-02-20T22:37:57,11,15,0,26
2023-02-20T22:47:04,11,15,0,26
2023-02-20T22:56:19,11,15,0,26
2023-02-20T23:05:27,12,14,0,26
2023-02-20T23:14:34,12,14,0,26
2023-02-20T23:23:41,12,14,0,26
2023-02-20T23:32:48,12,14,0,26
2023-02-20T23:41:56,12,14,0,26
2023-02-20T23:51:03,12,14,0,26
2023-02-21T00:00:10,12,14,0,26
2023-02-21T00:09:20,12,14,0,26
2023-02-21T00:18:38,12,14,0,26
2023-02-21T00:27:48,12,14,0,26
2023-02-21T00:36:54,12,14,0,26
2023-02-21T00:46:01,12,14,0,26
2023-02-21T00:55:08,12,14,0,26
2023-02-21T01:04:15,12,14,0,26
2023-02-21T01:13:23,12,14,0,26
2023-02-21T01:22:29,12,14,0,26
2023-02-21T01:31:35,12,14,0,26
2023-02-21T01:40:41,12,14,0,26
2023-02-21T01:49:47,12,14,0,26
2023-02-21T01:58:55,12,14,0,26
2023-02-21T02:08:28,12,14,0,26
2023-02-21T02:17:36,12,14,0,26
2023-02-21T02:26:44,12,14,0,26
2023-02-21T02:35:51,12,14,0,26
2023-02-21T02:45:08,12,14,0,26
2023-02-21T02:54:30,12,14,0,26
2023-02-21T03:03:36,12,14,0,26
2023-02-21T03:12:43,12,14,0,26
2023-02-21T03:21:50,12,14,0,26
2023-02-21T03:30:57,12,14,0,26
2023-02-21T03:40:06,12,14,0,26
2023-02-21T03:49:16,12,14,0,26
2023-02-21T03:58:30,12,14,0,26
2023-02-21T04:07:41,12,14,0,26
2023-02-21T04:16:52,12,14,0,26
2023-02-21T04:32:34,12,14,0,26
2023-02-21T04:42:01,12,14,0,26
2023-02-21T04:51:16,12,14,0,26
2023-02-21T05:00:29,12,14,0,26
2023-02-21T05:09:39,12,14,0,26
2023-02-21T05:18:50,12,14,0,26
2023-02-21T05:27:59,12,14,0,26
2023-02-21T05:37:10,12,14,0,26
2023-02-21T05:46:19,12,14,0,26
2023-02-21T05:55:29,12,14,0,26
2023-02-21T06:04:39,12,14,0,26
2023-02-21T06:13:47,12,14,0,26
2023-02-21T06:22:55,12,14,0,26
2023-02-21T06:32:02,12,14,0,26
2023-02-21T06:41:11,12,14,0,26
2023-02-21T06:50:19,12,14,0,26
2023-02-21T06:59:28,12,14,0,26
2023-02-21T07:08:36,12,14,0,26
2023-02-21T07:17:44,12,14,0,26
2023-02-21T07:26:51,12,14,0,26
2023-02-21T07:35:58,12,14,0,26
2023-02-21T07:45:06,12,14,0,26
2023-02-21T07:54:14,12,14,0,26
2023-02-21T08:03:21,12,14,0,26
2023-02-21T08:12:28,12,14,0,26
2023-02-21T08:21:37,12,14,0,26
2023-02-21T08:30:46,12,14,0,26
2023-02-21T08:40:00,12,14,0,26
2023-02-21T08:49:09,12,14,0,26
2023-02-21T08:58:18,12,14,0,26
2023-02-21T09:07:38,12,14,0,26
2023-02-21T09:16:48,12,14,0,26
2023-02-21T09:25:59,12,14,0,26
2023-02-21T09:35:11,12,14,0,26
2023-02-21T09:44:22,12,14,0,26
2023-02-21T09:53:34,12,14,0,26
2023-02-21T10:02:48,12,14,0,26
2023-02-21T10:12:12,12,14,0,26
2023-02-21T10:21:24,12,14,0,26
2023-02-21T10:30:37,12,14,0,26
2023-02-21T10:39:51,12,14,0,26
2023-02-21T10:49:02,12,14,0,26
2023-02-21T10:58:26,12,14,0,26
2023-02-21T11:07:43,12,14,0,26
2023-02-21T11:16:57,12,14,0,26
2023-02-21T11:26:13,12,14,0,26
2023-02-21T11:35:37,13,13,0,26
2023-02-21T11:44:52,13,13,0,26
2023-02-21T11:54:07,13,13,0,26
2023-02-21T12:03:23,13,13,0,26
2023-02-21T12:12:47,13,13,0,26
2023-02-21T12:22:00,13,13,0,26
2023-02-21T12:31:14,13,13,0,26
2023-02-21T12:40:29,13,13,0,26
2023-02-21T12:50:29,13,13,0,26
2023-02-21T12:59:55,13,13,0,26
2023-02-21T13:09:14,13,13,0,26
2023-02-21T13:18:33,13,13,0,26
2023-02-21T13:28:02,13,13,0,26
2023-02-21T13:37:18,13,13,0,26
2023-02-21T13:46:33,13,13,0,26
2023-02-21T13:55:49,13,13,0,26
2023-02-21T14:05:17,13,13,0,26
2023-02-21T14:14:33,13,13,0,26
2023-02-21T14:23:50,13,13,0,26
2023-02-21T14:33:07,13,13,0,26
2023-02-21T14:42:34,13,13,0,26
2023-02-21T14:51:48,13,13,0,26
2023-02-21T15:01:02,13,13,0,26
2023-02-21T15:10:17,13,13,0,26
2023-02-21T15:19:41,13,13,0,26
2023-02-21T15:28:55,13,13,0,26
2023-02-21T15:38:09,13,13,0,26
2023-02-21T15:47:25,13,13,0,26
2023-02-21T15:56:51,13,13,0,26
2023-02-21T16:06:10,13,13,0,26
2023-02-21T16:15:24,13,13,0,26
2023-02-21T16:24:39,13,13,0,26
2023-02-21T16:34:10,13,13,0,26
2023-02-21T16:43:23,13,13,0,26
2023-02-21T16:52:34,13,13,0,26
2023-02-21T17:01:46,13,13,0,26
2023-02-21T17:11:00,13,13,0,26
2023-02-21T17:20:33,13,13,0,26
2023-02-21T17:29:44,13,13,0,26
2023-02-21T17:38:56,13,13,0,26
2023-02-21T17:48:06,13,13,0,26
2023-02-21T17:57:17,13,13,0,26
2023-02-21T18:06:43,13,13,0,26
2023-02-21T18:15:54,13,13,0,26
2023-02-21T18:25:05,13,13,0,26
2023-02-21T18:34:18,13,13,0,26
2023-02-21T18:43:38,13,13,0,26
2023-02-21T18:52:47,13,13,0,26
2023-02-21T19:01:58,13,13,0,26
2023-02-21T19:11:07,13,13,0,26
2023-02-21T19:20:17,13,13,0,26
2023-02-21T19:29:35,13,13,0,26
2023-02-21T19:38:45,13,13,0,26
2023-02-21T19:47:56,13,13,0,26
2023-02-21T19:57:06,13,13,0,26
2023-02-21T20:06:27,13,13,0,26
2023-02-21T20:15:38,13,13,0,26
2023-02-21T20:24:49,13,13,0,26
2023-02-21T20:34:00,13,13,0,26
2023-02-21T20:43:09,13,13,0,26
2023-02-21T20:52:29,13,13,0,26
2023-02-21T21:01:36,13,13,0,26
2023-02-21T21:10:43,13,13,0,26
2023-02-21T21:19:50,13,13,0,26
2023-02-21T21:28:57,13,13,0,26
2023-02-21T21:38:14,13,13,0,26
2023-02-21T21:47:22,13,13,0,26
2023-02-21T21:56:29,13,13,0,26
2023-02-21T22:05:36,13,13,0,26
2023-02-21T22:14:44,13,13,0,26
2023-02-21T22:23:51,13,13,0,26
2023-02-21T22:33:08,13,13,0,26
2023-02-21T22:42:15,13,13,0,26
2023-02-21T22:51:22,13,13,0,26
2023-02-21T23:00:30,13,13,0,26
2023-02-21T23:09:38,13,13,0,26
2023-02-21T23:18:45,13,13,0,26
2023-02-21T23:27:52,13,13,0,26
2023-02-21T23:36:59,13,13,0,26
2023-02-21T23:46:07,13,13,0,26
2023-02-21T23:55:25,13,13,0,26
2023-02-22T00:04:37,13,13,0,26
2023-02-22T00:13:46,13,13,0,26
2023-02-22T00:22:56,13,13,0,26
2023-02-22T00:32:05,13,13,0,26
2023-02-22T00:41:15,13,13,0,26
2023-02-22T00:50:23,13,13,0,26
2023-02-22T00:59:33,13,13,0,26
2023-02-22T01:08:44,13,13,0,26
2023-02-22T01:18:08,13,13,0,26
2023-02-22T01:27:16,13,13,0,26
2023-02-22T01:36:26,13,13,0,26
2023-02-22T01:45:34,13,13,0,26
2023-02-22T01:54:41,13,13,0,26
2023-02-22T02:03:49,13,13,0,26
2023-02-22T02:12:57,13,13,0,26
2023-02-22T02:22:03,13,13,0,26
2023-02-22T02:31:09,13,13,0,26
2023-02-22T02:40:16,13,13,0,26
2023-02-22T02:49:27,13,13,0,26
2023-02-22T02:59:09,13,13,0,26
2023-02-22T03:08:18,13,13,0,26
2023-02-22T03:17:29,13,13,0,26
2023-02-22T03:26:37,13,13,0,26
2023-02-22T03:35:48,13,13,0,26
2023-02-22T03:44:59,13,13,0,26
2023-02-22T03:54:20,13,13,0,26
2023-02-22T04:03:31,13,13,0,26
2023-02-22T04:12:42,13,13,0,26
2023-02-22T04:26:22,13,13,0,26
2023-02-22T04:35:59,13,13,0,26
2023-02-22T04:45:10,13,13,0,26
2023-02-22T04:54:20,13,13,0,26
2023-02-22T05:03:33,13,13,0,26
2023-02-22T05:12:46,13,13,0,26
2023-02-22T05:21:57,13,13,0,26
2023-02-22T05:32:35,13,13,0,26
2023-02-22T05:42:10,13,13,0,26
2023-02-22T05:51:24,13,13,0,26
2023-02-22T06:00:39,13,13,0,26
2023-02-22T06:09:58,13,13,0,26
2023-02-22T06:19:08,13,13,0,26
2023-02-22T06:28:19,13,13,0,26
2023-02-22T06:37:30,13,13,0,26
2023-02-22T06:46:41,13,13,0,26
2023-02-22T06:55:50,13,13,0,26
2023-02-22T07:05:00,13,13,0,26
2023-02-22T07:14:11,13,13,0,26
2023-02-22T07:23:21,13,13,0,26
2023-02-22T07:32:31,13,13,0,26
2023-02-22T07:41:47,13,13,0,26
2023-02-22T07:50:57,13,13,0,26
2023-02-22T08:00:05,13,13,0,26
2023-02-22T08:09:14,13,13,0,26
2023-02-22T08:18:23,13,13,0,26
2023-02-22T08:27:33,13,13,0,26
2023-02-22T08:36:44,13,13,0,26
2023-02-22T08:45:57,13,13,0,26
2023-02-22T08:55:07,13,13,0,26
2023-02-22T09:04:18,13,13,0,26
2023-02-22T09:13:39,13,13,0,26
2023-02-22T09:22:51,13,13,0,26
2023-02-22T09:32:04,13,13,0,26
2023-02-22T09:41:15,13,13,0,26
2023-02-22T09:50:27,13,13,0,26
2023-02-22T09:59:48,13,13,0,26
2023-02-22T10:09:03,13,13,0,26
2023-02-22T10:18:14,13,13,0,26
2023-02-22T10:27:26,13,13,0,26
2023-02-22T10:36:49,13,13,0,26
2023-02-22T10:46:02,13,13,0,26
2023-02-22T10:55:15,13,13,0,26
2023-02-22T11:04:32,13,13,0,26
2023-02-22T11:13:57,13,13,0,26
2023-02-22T11:23:13,13,13,0,26
2023-02-22T11:32:41,13,13,0,26
2023-02-22T11:41:56,13,13,0,26
2023-02-22T11:51:10,13,13,0,26
2023-02-22T12:00:34,13,13,0,26
2023-02-22T12:09:48,13,13,0,26
2023-02-22T12:19:01,13,13,0,26
2023-02-22T12:28:25,13,13,0,26
2023-02-22T12:37:40,13,13,0,26
2023-02-22T12:46:54,13,13,0,26
2023-02-22T12:56:16,13,13,0,26
2023-02-22T13:05:29,13,13,0,26
2023-02-22T13:14:54,13,13,0,26
2023-02-22T13:24:09,13,13,0,26
2023-02-22T13:33:24,13,13,0,26
2023-02-22T13:42:50,13,13,0,26
2023-02-22T13:52:07,13,13,0,26
2023-02-22T14:01:36,13,13,0,26
2023-02-22T14:10:50,13,13,0,26
2023-02-22T14:20:05,13,13,0,26
2023-02-22T14:29:30,13,13,0,26
2023-02-22T14:38:45,13,13,0,26
2023-02-22T14:48:00,13,13,0,26
2023-02-22T14:57:25,13,13,0,26
2023-02-22T15:06:43,13,13,0,26
2023-02-22T15:15:58,13,13,0,26
2023-02-22T15:25:14,13,13,0,26
2023-02-22T15:34:40,13,13,0,26
2023-02-22T15:43:53,13,13,0,26
2023-02-22T15:53:07,13,13,0,26
2023-02-22T16:02:33,13,13,0,26
2023-02-22T16:11:47,13,13,0,26
2023-02-22T16:21:01,13,13,0,26
2023-02-22T16:30:16,13,13,0,26
2023-02-22T16:39:40,13,13,0,26
2023-02-22T16:48:53,13,13,0,26
2023-02-22T16:58:06,13,13,0,26
2023-02-22T17:07:23,13,13,0,26
2023-02-22T17:16:53,14,12,0,26
2023-02-22T17:26:05,14,12,0,26
2023-02-22T17:35:17,14,12,0,26
2023-02-22T17:44:40,14,12,0,26
2023-02-22T17:53:52,14,12,0,26
2023-02-22T18:03:03,14,12,0,26
2023-02-22T18:12:16,14,12,0,26
2023-02-22T18:21:41,14,12,0,26
2023-02-22T18:30:55,14,12,0,26
2023-02-22T18:40:09,14,12,0,26
2023-02-22T18:49:29,14,12,0,26
2023-02-22T18:58:39,14,12,0,26
2023-02-22T19:07:51,14,12,0,26
2023-02-22T19:17:14,14,12,0,26
2023-02-22T19:26:24,14,12,0,26
2023-02-22T19:35:34,14,12,0,26
2023-02-22T19:44:56,14,12,0,26
2023-02-22T19:54:10,14,12,0,26
2023-02-22T20:03:21,14,12,0,26
2023-02-22T20:12:32,14,12,0,26
2023-02-22T20:21:43,14,12,0,26
2023-02-22T20:30:54,14,12,0,26
2023-02-22T20:40:14,14,12,0,26
2023-02-22T20:49:24,14,12,0,26
2023-02-22T20:58:34,14,12,0,26
2023-02-22T21:07:54,14,12,0,26
2023-02-22T21:17:02,14,12,0,26
2023-02-22T21:26:11,14,12,0,26
2023-02-22T21:35:20,14,12,0,26
2023-02-22T21:44:38,14,12,0,26
2023-02-22T21:53:48,14,12,0,26
2023-02-22T22:02:56,14,12,0,26
2023-02-22T22:12:14,14,12,0,26
2023-02-22T22:21:22,14,12,0,26
2023-02-22T22:30:30,14,12,0,26
2023-02-22T22:39:38,14,12,0,26
2023-02-22T22:48:47,14,12,0,26
2023-02-22T22:58:07,14,12,0,26
2023-02-22T23:07:17,14,12,0,26
2023-02-22T23:16:26,14,12,0,26
2023-02-22T23:25:34,14,12,0,26
2023-02-22T23:34:53,14,12,0,26
2023-02-22T23:44:01,14,12,0,26
2023-02-22T23:53:09,14,12,0,26
2023-02-23T00:02:22,14,12,0,26
2023-02-23T00:11:42,14,12,0,26
2023-02-23T00:20:53,14,12,0,26
2023-02-23T00:30:02,14,12,0,26
2023-02-23T00:39:12,14,12,0,26
2023-02-23T00:48:32,14,12,0,26
2023-02-23T00:57:45,14,12,0,26
2023-02-23T01:06:57,14,12,0,26
2023-02-23T01:16:08,14,12,0,26
2023-02-23T01:25:27,14,12,0,26
2023-02-23T01:34:35,14,12,0,26
2023-02-23T01:43:42,14,12,0,26
2023-02-23T01:52:51,14,12,0,26
2023-02-23T02:01:59,14,12,0,26
2023-02-23T02:11:06,14,12,0,26
2023-02-23T02:20:24,14,12,0,26
2023-02-23T02:29:30,14,12,0,26
2023-02-23T02:38:40,14,12,0,26
2023-02-23T02:47:47,14,12,0,26
2023-02-23T02:56:54,14,12,0,26
2023-02-23T03:22:00,14,12,0,26
2023-02-23T03:31:06,14,12,0,26
2023-02-23T03:40:14,14,12,0,26
2023-02-23T03:49:23,14,12,0,26
2023-02-23T03:58:33,14,12,0,26
2023-02-23T04:07:44,14,12,0,26
2023-02-23T04:25:41,14,12,0,26
2023-02-23T04:36:19,14,12,0,26
2023-02-23T04:45:41,14,12,0,26
2023-02-23T04:54:54,14,12,0,26
2023-02-23T05:04:05,14,12,0,26
2023-02-23T05:13:16,14,12,0,26
2023-02-23T05:22:27,14,12,0,26
2023-02-23T05:31:40,14,12,0,26
2023-02-23T05:40:54,14,12,0,26
2023-02-23T05:50:13,14,12,0,26
2023-02-23T05:59:30,14,12,0,26
2023-02-23T06:08:43,14,12,0,26
2023-02-23T06:17:55,14,12,0,26
2023-02-23T06:27:05,14,12,0,26
2023-02-23T06:36:15,14,12,0,26
2023-02-23T06:45:26,14,12,0,26
2023-02-23T06:54:37,14,12,0,26
2023-02-23T07:03:50,14,12,0,26
2023-02-23T07:13:03,14,12,0,26
2023-02-23T07:22:13,14,12,0,26
2023-02-23T07:31:24,14,12,0,26
2023-02-23T07:40:43,14,12,0,26
2023-02-23T07:49:55,14,12,0,26
2023-02-23T07:59:08,14,12,0,26
2023-02-23T08:08:21,14,12,0,26
2023-02-23T08:17:31,14,12,0,26
2023-02-23T08:26:43,14,12,0,26
2023-02-23T08:35:54,14,12,0,26
2023-02-23T08:45:14,14,12,0,26
2023-02-23T08:54:24,14,12,0,26
2023-02-23T09:03:36,14,12,0,26
2023-02-23T09:12:49,14,12,0,26
2023-02-23T09:22:03,14,12,0,26
2023-02-23T09:31:15,14,12,0,26
2023-02-23T09:40:37,14,12,0,26
2023-02-23T09:49:49,14,12,0,26
2023-02-23T09:59:02,14,12,0,26
2023-02-23T10:08:15,14,12,0,26
2023-02-23T10:17:39,14,12,0,26
2023-02-23T10:26:52,14,12,0,26
2023-02-23T10:36:07,14,12,0,26
2023-02-23T10:45:21,14,12,0,26
2023-02-23T10:54:34,14,12,0,26
2023-02-23T11:04:03,14,12,0,26
2023-02-23T11:13:17,14,12,0,26
2023-02-23T11:22:32,14,12,0,26
2023-02-23T11:31:50,14,12,0,26
2023-02-23T11:41:15,14,12,0,26
2023-02-23T11:50:30,14,12,0,26
2023-02-23T11:59:43,14,12,0,26
2023-02-23T12:08:59,14,12,0,26
2023-02-23T12:18:25,14,12,0,26
2023-02-23T12:27:39,14,12,0,26
2023-02-23T12:36:54,14,12,0,26
2023-02-23T12:46:19,14,12,0,26
2023-02-23T12:55:33,14,12,0,26
2023-02-23T13:04:50,14,12,0,26
2023-02-23T13:14:15,14,12,0,26
2023-02-23T13:23:31,14,12,0,26
2023-02-23T13:32:49,14,12,0,26
2023-02-23T13:42:16,14,12,0,26
2023-02-23T13:51:33,14,12,0,26
2023-02-23T14:00:51,14,12,0,26
2023-02-23T14:10:24,14,12,0,26
2023-02-23T14:19:40,14,12,0,26
2023-02-23T14:29:06,14,12,0,26
2023-02-23T14:38:25,14,12,0,26
2023-02-23T14:47:52,14,12,0,26
2023-02-23T14:57:09,14,12,0,26
2023-02-23T15:06:36,14,12,0,26
2023-02-23T15:15:53,14,12,0,26
2023-02-23T15:25:08,14,12,0,26
2023-02-23T15:34:33,14,12,0,26
2023-02-23T15:43:47,14,12,0,26
2023-02-23T15:53:02,14,12,0,26
2023-02-23T16:02:20,14,12,0,26
2023-02-23T16:11:46,14,12,0,26
2023-02-23T16:21:00,14,12,0,26
2023-02-23T16:30:16,14,12,0,26
2023-02-23T16:39:37,14,12,0,26
2023-02-23T16:48:51,14,12,0,26
2023-02-23T16:58:03,14,12,0,26
2023-02-23T17:07:34,14,12,0,26
2023-02-23T17:16:58,14,12,0,26
2023-02-23T17:26:09,14,12,0,26
2023-02-23T17:35:31,14,12,0,26
2023-02-23T17:44:45,14,12,0,26
2023-02-23T17:53:54,14,12,0,26
2023-02-23T18:03:22,14,12,0,26
2023-02-23T18:12:37,14,12,0,26
2023-02-23T18:21:59,14,12,0,26
2023-02-23T18:31:24,14,12,0,26
2023-02-23T18:41:00,14,12,0,26
2023-02-23T18:50:26,14,12,0,26
2023-02-23T18:59:50,14,12,0,26
2023-02-23T19:09:18,14,12,0,26
2023-02-23T19:18:59,14,12,0,26
2023-02-23T19:28:28,14,12,0,26
2023-02-23T19:37:59,14,12,0,26
2023-02-23T19:47:29,14,12,0,26
2023-02-23T19:56:52,14,12,0,26
2023-02-23T20:06:20,14,12,0,26
2023-02-23T20:15:37,14,12,0,26
2023-02-23T20:24:54,14,12,0,26
2023-02-23T20:34:08,14,12,0,26
2023-02-23T20:43:20,14,12,0,26
2023-02-23T20:52:43,14,12,0,26
2023-02-23T21:01:52,14,12,0,26
2023-02-23T21:10:59,14,12,0,26
2023-02-23T21:20:06,14,12,0,26
2023-02-23T21:29:14,14,12,0,26
2023-02-23T21:38:22,14,12,0,26
2023-02-23T21:47:40,14,12,0,26
2023-02-23T21:56:48,14,12,0,26
2023-02-23T22:05:57,14,12,0,26
2023-02-23T22:15:05,14,12,0,26
2023-02-23T22:24:13,14,12,0,26
2023-02-23T22:33:20,14,12,0,26
2023-02-23T22:42:38,14,12,0,26
2023-02-23T22:51:45,14,12,0,26
2023-02-23T23:00:54,14,12,0,26
2023-02-23T23:10:03,14,12,0,26
2023-02-23T23:19:11,14,12,0,26
2023-02-23T23:28:18,14,12,0,26
2023-02-23T23:37:25,14,12,0,26
2023-02-23T23:46:33,14,12,0,26
2023-02-23T23:55:40,14,12,0,26
2023-02-24T00:05:01,14,12,0,26
2023-02-24T00:14:11,14,12,0,26
2023-02-24T00:23:20,14,12,0,26
2023-02-24T00:32:29,14,12,0,26
2023-02-24T00:41:38,14,12,0,26
2023-02-24T00:50:47,14,12,0,26
2023-02-24T00:59:58,14,12,0,26
2023-02-24T01:09:11,14,12,0,26
2023-02-24T01:18:26,14,12,0,26
2023-02-24T01:27:36,14,12,0,26
2023-02-24T01:36:46,14,12,0,26
2023-02-24T01:45:56,14,12,0,26
2023-02-24T01:55:09,14,12,0,26
2023-02-24T02:04:29,14,12,0,26
2023-02-24T02:13:39,14,12,0,26
2023-02-24T02:22:47,14,12,0,26
2023-02-24T02:31:56,14,12,0,26
2023-02-24T02:41:03,14,12,0,26
2023-02-24T02:50:11,14,12,0,26
2023-02-24T02:59:18,14,12,0,26
2023-02-24T03:08:25,14,12,0,26
2023-02-24T03:17:33,14,12,0,26
2023-02-24T03:26:48,14,12,0,26
2023-02-24T03:36:02,14,12,0,26
2023-02-24T03:45:13,14,12,0,26
2023-02-24T03:54:24,14,12,0,26
2023-02-24T04:03:35,14,12,0,26
2023-02-24T04:19:50,14,12,0,26
2023-02-24T04:29:29,14,12,0,26
2023-02-24T04:38:40,14,12,0,26
2023-02-24T04:47:52,14,12,0,26
2023-02-24T04:57:02,14,12,0,26
2023-02-24T05:06:13,14,12,0,26
2023-02-24T05:15:26,14,12,0,26
2023-02-24T05:24:35,14,12,0,26
2023-02-24T05:33:46,14,12,0,26
2023-02-24T05:42:59,14,12,0,26
2023-02-24T05:52:22,14,12,0,26
2023-02-24T06:01:35,14,12,0,26
2023-02-24T06:10:47,14,12,0,26
2023-02-24T06:19:59,14,12,0,26
2023-02-24T06:29:17,14,12,0,26
2023-02-24T06:38:38,14,12,0,26
2023-02-24T06:47:59,14,12,0,26
2023-02-24T06:57:19,14,12,0,26
2023-02-24T07:06:45,14,12,0,26
2023-02-24T07:16:03,14,12,0,26
2023-02-24T07:25:20,14,12,0,26
2023-02-24T07:34:38,14,12,0,26
2023-02-24T07:43:58,14,12,0,26
2023-02-24T07:53:13,14,12,0,26
2023-02-24T08:02:26,14,12,0,26
2023-02-24T08:11:40,14,12,0,26
2023-02-24T08:20:50,14,12,0,26
2023-02-24T08:30:00,14,12,0,26
2023-02-24T08:39:09,14,12,0,26
2023-02-24T08:48:18,14,12,0,26
2023-02-24T08:57:28,14,12,0,26
2023-02-24T09:06:38,14,12,0,26
2023-02-24T09:15:47,14,12,0,26
2023-02-24T09:24:57,14,12,0,26
2023-02-24T09:34:18,14,12,0,26
2023-02-24T09:43:28,14,12,0,26
2023-02-24T09:52:39,14,12,0,26
2023-02-24T10:01:49,14,12,0,26
2023-02-24T10:11:01,14,12,0,26
2023-02-24T10:20:12,14,12,0,26
2023-02-24T10:29:23,14,12,0,26
2023-02-24T10:38:44,14,12,0,26
2023-02-24T10:47:55,14,12,0,26
2023-02-24T10:57:06,14,12,0,26
2023-02-24T11:06:17,14,12,0,26
2023-02-24T11:15:27,14,12,0,26
2023-02-24T11:24:37,14,12,0,26
2023-02-24T11:33:48,14,12,0,26
2023-02-24T11:43:08,14,12,0,26
2023-02-24T11:52:18,14,12,0,26
2023-02-24T12:01:28,14,12,0,26
2023-02-24T12:10:37,14,12,0,26
2023-02-24T12:19:47,14,12,0,26
2023-02-24T12:28:58,14,12,0,26
2023-02-24T12:38:18,14,12,0,26
2023-02-24T12:47:29,14,12,0,26
2023-02-24T12:56:41,14,12,0,26
2023-02-24T13:05:52,14,12,0,26
2023-02-24T13:15:04,14,12,0,26
2023-02-24T13:24:14,14,12,0,26
2023-02-24T13:33:27,14,12,0,26
2023-02-24T13:42:38,14,12,0,26
2023-02-24T13:51:59,14,12,0,26
2023-02-24T14:01:10,14,12,0,26
2023-02-24T14:10:21,14,12,0,26
2023-02-24T14:19:32,14,12,0,26
2023-02-24T14:28:43,14,12,0,26
2023-02-24T14:37:53,14,12,0,26
2023-02-24T14:47:13,14,12,0,26
2023-02-24T14:56:25,14,12,0,26
2023-02-24T15:05:36,14,12,0,26
2023-02-24T15:14:47,14,12,0,26
2023-02-24T15:23:57,14,12,0,26
2023-02-24T15:33:07,14,12,0,26
2023-02-24T15:42:27,14,12,0,26
2023-02-24T15:51:37,14,12,0,26
2023-02-24T16:00:47,14,12,0,26
2023-02-24T16:09:56,14,12,0,26
2023-02-24T16:19:06,14,12,0,26
2023-02-24T16:28:15,14,12,0,26
2023-02-24T16:37:34,14,12,0,26
2023-02-24T16:46:43,14,12,0,26
2023-02-24T16:55:52,14,12,0,26
2023-02-24T17:05:01,14,12,0,26
2023-02-24T17:14:12,14,12,0,26
2023-02-24T17:23:21,14,12,0,26
2023-02-24T17:32:39,14,12,0,26
2023-02-24T17:41:48,14,12,0,26
2023-02-24T17:50:57,14,12,0,26
2023-02-24T18:00:06,14,12,0,26
2023-02-24T18:09:15,14,12,0,26
2023-02-24T18:18:35,14,12,0,26
2023-02-24T18:27:43,14,12,0,26
2023-02-24T18:36:52,14,12,0,26
2023-02-24T18:46:00,14,12,0,26
2023-02-24T18:55:08,14,12,0,26
2023-02-24T19:04:26,14,12,0,26
2023-02-24T19:13:34,14,12,0,26
2023-02-24T19:22:42,14,12,0,26
2023-02-24T19:31:50,14,12,0,26
2023-02-24T19:40:59,14,12,0,26
2023-02-24T19:50:08,14,12,0,26
2023-02-24T19:59:17,14,12,0,26
2023-02-24T20:08:36,14,12,0,26
2023-02-24T20:17:44,14,12,0,26
2023-02-24T20:26:53,15,11,0,26
2023-02-24T20:36:01,15,11,0,26
2023-02-24T20:45:09,15,11,0,26
2023-02-24T20:54:26,15,11,0,26
2023-02-24T21:03:35,15,11,0,26
2023-02-24T21:12:43,15,11,0,26
2023-02-24T21:21:51,15,11,0,26
2023-02-24T21:31:00,15,11,0,26
2023-02-24T21:40:09,15,11,0,26
2023-02-24T21:49:16,15,11,0,26
2023-02-24T21:58:25,15,11,0,26
2023-02-24T22:07:34,15,11,0,26
2023-02-24T22:16:52,15,11,0,26
2023-02-24T22:26:00,15,11,0,26
2023-02-24T22:35:08,15,11,0,26
2023-02-24T22:44:16,15,11,0,26
2023-02-24T22:53:24,15,11,0,26
2023-02-24T23:02:33,15,11,0,26
2023-02-24T23:11:43,15,11,0,26
2023-02-24T23:20:51,15,11,0,26
2023-02-24T23:30:09,15,11,0,26
2023-02-24T23:39:18,15,11,0,26
2023-02-24T23:48:26,15,11,0,26
2023-02-24T23:57:35,15,11,0,26
2023-02-25T00:06:46,15,11,0,26
2023-02-25T00:15:58,15,11,0,26
2023-02-25T00:25:09,15,11,0,26
2023-02-25T00:34:19,15,11,0,26
2023-02-25T00:43:30,15,11,0,26
2023-02-25T00:52:41,15,11,0,26
2023-02-25T01:01:52,15,11,0,26
2023-02-25T01:11:01,15,11,0,26
2023-02-25T01:20:11,15,11,0,26
2023-02-25T01:29:21,15,11,0,26
2023-02-25T01:38:32,15,11,0,26
2023-02-25T01:47:44,15,11,0,26
2023-02-25T01:56:55,15,11,0,26
2023-02-25T02:06:05,15,11,0,26
2023-02-25T02:15:13,15,11,0,26
2023-02-25T02:24:21,15,11,0,26
2023-02-25T02:33:30,15,11,0,26
2023-02-25T02:42:40,15,11,0,26
2023-02-25T02:51:48,15,11,0,26
2023-02-25T03:00:57,15,11,0,26
2023-02-25T03:10:14,15,11,0,26
2023-02-25T03:19:21,15,11,0,26
2023-02-25T03:28:29,15,11,0,26
2023-02-25T03:37:38,15,11,0,26
2023-02-25T03:46:48,15,11,0,26
2023-02-25T03:55:59,15,11,0,26
2023-02-25T04:05:11,15,11,0,26
2023-02-25T04:14:24,15,11,0,26
2023-02-25T04:26:13,15,11,0,26
2023-02-25T04:35:49,15,11,0,26
2023-02-25T04:45:03,15,11,0,26
2023-02-25T04:54:16,15,11,0,26
2023-02-25T05:03:29,15,11,0,26
2023-02-25T05:12:40,15,11,0,26
2023-02-25T05:21:50,15,11,0,26
2023-02-25T05:31:02,15,11,0,26
2023-02-25T05:40:13,15,11,0,26
2023-02-25T05:49:23,15,11,0,26
2023-02-25T05:58:33,15,11,0,26
2023-02-25T06:07:45,15,11,0,26
2023-02-25T06:16:55,15,11,0,26
2023-02-25T06:26:05,15,11,0,26
2023-02-25T06:35:14,15,11,0,26
2023-02-25T06:44:25,15,11,0,26
2023-02-25T06:53:40,15,11,0,26
2023-02-25T07:04:30,15,11,0,26
2023-02-25T07:13:43,15,11,0,26
2023-02-25T07:22:56,15,11,0,26
2023-02-25T07:32:10,15,11,0,26
2023-02-25T07:41:22,15,11,0,26
2023-02-25T07:50:35,15,11,0,26
2023-02-25T07:59:47,15,11,0,26
2023-02-25T08:08:58,15,11,0,26
2023-02-25T08:18:09,15,11,0,26
2023-02-25T08:27:21,15,11,0,26
2023-02-25T08:36:31,15,11,0,26
2023-02-25T08:45:42,15,11,0,26
2023-02-25T08:54:53,15,11,0,26
2023-02-25T09:04:04,15,11,0,26
2023-02-25T09:13:16,15,11,0,26
2023-02-25T09:22:28,15,11,0,26
2023-02-25T09:31:40,15,11,0,26
2023-02-25T09:40:51,15,11,0,26
2023-02-25T09:50:03,15,11,0,26
2023-02-25T09:59:14,15,11,0,26
2023-02-25T10:08:26,15,11,0,26
2023-02-25T10:17:42,15,11,0,26
2023-02-25T10:27:06,15,11,0,26
2023-02-25T10:36:17,15,11,0,26
2023-02-25T10:45:28,15,11,0,26
2023-02-25T10:54:39,15,11,0,26
2023-02-25T11:03:50,15,11,0,26
2023-02-25T11:13:00,15,11,0,26
2023-02-25T11:22:11,15,11,0,26
2023-02-25T11:31:21,15,11,0,26
2023-02-25T11:40:31,15,11,0,26
2023-02-25T11:49:42,15,11,0,26
2023-02-25T11:58:53,15,11,0,26
2023-02-25T12:08:03,15,11,0,26
2023-02-25T12:17:13,15,11,0,26
2023-02-25T12:26:42,15,11,0,26
2023-02-25T12:35:52,15,11,0,26
2023-02-25T12:45:02,15,11,0,26
2023-02-25T12:54:10,15,11,0,26
2023-02-25T13:03:19,15,11,0,26
2023-02-25T13:12:27,15,11,0,26
2023-02-25T13:21:35,15,11,0,26
2023-02-25T13:30:43,15,11,0,26
2023-02-25T13:39:51,15,11,0,26
2023-02-25T13:48:59,15,11,0,26
2023-02-25T13:58:07,15,11,0,26
2023-02-25T14:07:15,15,11,0,26
2023-02-25T14:16:22,15,11,0,26
2023-02-25T14:25:30,15,11,0,26
2023-02-25T14:34:39,15,11,0,26
2023-02-25T14:43:57,15,11,0,26
2023-02-25T14:53:05,15,11,0,26
2023-02-25T15:02:13,15,11,0,26
2023-02-25T15:11:22,15,11,0,26
2023-02-25T15:20:30,15,11,0,26
2023-02-25T15:29:37,15,11,0,26
2023-02-25T15:38:45,15,11,0,26
2023-02-25T15:47:52,15,11,0,26
2023-02-25T15:57:00,15,11,0,26
2023-02-25T16:06:08,15,11,0,26
2023-02-25T16:15:31,15,11,0,26
2023-02-25T16:24:40,15,11,0,26
2023-02-25T16:33:48,15,11,0,26
2023-02-25T16:42:56,15,11,0,26
2023-02-25T16:52:03,15,11,0,26
2023-02-25T17:01:13,15,11,0,26
2023-02-25T17:10:22,15,11,0,26
2023-02-25T17:19:31,15,11,0,26
2023-02-25T17:28:39,15,11,0,26
2023-02-25T17:37:47,15,11,0,26
2023-02-25T17:46:55,15,11,0,26
2023-02-25T17:56:03,15,11,0,26
2023-02-25T18:05:22,15,11,0,26
2023-02-25T18:14:31,15,11,0,26
2023-02-25T18:23:39,15,11,0,26
2023-02-25T18:32:48,15,11,0,26
2023-02-25T18:41:57,15,11,0,26
2023-02-25T18:51:05,15,11,0,26
2023-02-25T19:00:13,15,11,0,26
2023-02-25T19:09:22,15,11,0,26
2023-02-25T19:18:30,15,11,0,26
2023-02-25T19:27:38,15,11,0,26
2023-02-25T19:36:46,15,11,0,26
2023-02-25T19:45:54,15,11,0,26
2023-02-25T19:55:02,15,11,0,26
2023-02-25T20:04:10,15,11,0,26
2023-02-25T20:13:18,15,11,0,26
2023-02-25T20:22:27,15,11,0,26
2023-02-25T20:31:54,15,11,0,26
2023-02-25T20:41:01,15,11,0,26
2023-02-25T20:50:10,15,11,0,26
2023-02-25T20:59:17,15,11,0,26
2023-02-25T21:08:25,15,11,0,26
2023-02-25T21:17:36,15,11,0,26
2023-02-25T21:26:44,15,11,0,26
2023-02-25T21:35:53,15,11,0,26
2023-02-25T21:45:01,15,11,0,26
2023-02-25T21:54:09,15,11,0,26
2023-02-25T22:03:17,15,11,0,26
2023-02-25T22:12:24,15,11,0,26
2023-02-25T22:21:33,15,11,0,26
2023-02-25T22:30:41,15,11,0,26
2023-02-25T22:39:48,15,11,0,26
2023-02-25T22:48:56,15,11,0,26
2023-02-25T22:58:05,15,11,0,26
2023-02-25T23:07:14,15,11,0,26
2023-02-25T23:16:22,15,11,0,26
2023-02-25T23:25:30,15,11,0,26
2023-02-25T23:34:49,15,11,0,26
2023-02-25T23:43:56,15,11,0,26
2023-02-25T23:53:04,15,11,0,26
2023-02-26T00:02:13,15,11,0,26
2023-02-26T00:11:21,15,11,0,26
2023-02-26T00:20:32,15,11,0,26
2023-02-26T00:29:41,15,11,0,26
2023-02-26T00:38:52,15,11,0,26
2023-02-26T00:48:01,15,11,0,26
2023-02-26T00:57:09,15,11,0,26
2023-02-26T01:06:17,15,11,0,26
2023-02-26T01:15:25,15,11,0,26
2023-02-26T01:24:32,15,11,0,26
2023-02-26T01:33:39,15,11,0,26
2023-02-26T01:42:46,15,11,0,26
2023-02-26T01:51:54,15,11,0,26
2023-02-26T02:01:02,15,11,0,26
2023-02-26T02:10:09,15,11,0,26
2023-02-26T02:19:17,15,11,0,26
2023-02-26T02:28:25,15,11,0,26
2023-02-26T02:37:41,15,11,0,26
2023-02-26T02:46:55,15,11,0,26
2023-02-26T02:56:24,15,11,0,26
2023-02-26T03:06:48,15,11,0,26
2023-02-26T03:20:34,15,11,0,26
2023-02-26T03:30:16,15,11,0,26
2023-02-26T03:39:31,15,11,0,26
2023-02-26T03:49:04,15,11,0,26
2023-02-26T03:58:17,15,11,0,26
2023-02-26T04:17:18,15,11,0,26
2023-02-26T04:27:41,15,11,0,26
2023-02-26T04:37:11,15,11,0,26
2023-02-26T04:46:25,15,11,0,26
2023-02-26T04:55:38,15,11,0,26
2023-02-26T05:04:50,15,11,0,26
2023-02-26T05:14:03,15,11,0,26
2023-02-26T05:23:18,15,11,0,26
2023-02-26T05:32:30,15,11,0,26
2023-02-26T05:41:43,15,11,0,26
2023-02-26T05:50:57,15,11,0,26
2023-02-26T06:00:09,15,11,0,26
2023-02-26T06:09:22,15,11,0,26
2023-02-26T06:18:34,15,11,0,26
2023-02-26T06:27:51,15,11,0,26
2023-02-26T06:37:03,15,11,0,26
2023-02-26T06:46:16,15,11,0,26
2023-02-26T06:55:29,15,11,0,26
2023-02-26T07:04:41,15,11,0,26
2023-02-26T07:13:52,15,11,0,26
2023-02-26T07:23:03,15,11,0,26
2023-02-26T07:32:14,15,11,0,26
2023-02-26T07:41:23,15,11,0,26
2023-02-26T07:50:32,15,11,0,26
2023-02-26T07:59:41,15,11,0,26
2023-02-26T08:08:49,15,11,0,26
2023-02-26T08:17:56,15,11,0,26
2023-02-26T08:27:06,15,11,0,26
2023-02-26T08:36:14,15,11,0,26
2023-02-26T08:45:22,15,11,0,26
2023-02-26T08:54:29,15,11,0,26
2023-02-26T09:03:40,15,11,0,26
2023-02-26T09:12:50,15,11,0,26
2023-02-26T09:21:59,15,11,0,26
2023-02-26T09:31:07,15,11,0,26
2023-02-26T09:40:14,15,11,0,26
2023-02-26T09:49:23,15,11,0,26
2023-02-26T09:58:31,15,11,0,26
2023-02-26T10:07:39,15,11,0,26
2023-02-26T10:16:48,15,11,0,26
2023-02-26T10:25:56,15,11,0,26
2023-02-26T10:35:05,15,11,0,26
2023-02-26T10:44:14,15,11,0,26
2023-02-26T10:53:22,15,11,0,26
2023-02-26T11:02:30,15,11,0,26
2023-02-26T11:11:46,15,11,0,26
2023-02-26T11:20:54,15,11,0,26
2023-02-26T11:30:02,15,11,0,26
2023-02-26T11:39:10,15,11,0,26
2023-02-26T11:48:18,15,11,0,26
2023-02-26T11:57:26,15,11,0,26
2023-02-26T12:06:34,15,11,0,26
2023-02-26T12:15:42,15,11,0,26
2023-02-26T12:24:50,15,11,0,26
2023-02-26T12:33:58,15,11,0,26
2023-02-26T12:43:06,15,11,0,26
2023-02-26T12:52:13,15,11,0,26
2023-02-26T13:01:22,15,11,0,26
2023-02-26T13:10:30,15,11,0,26
2023-02-26T13:19:38,15,11,0,26
2023-02-26T13:28:46,15,11,0,26
2023-02-26T13:37:54,15,11,0,26
2023-02-26T13:47:02,15,11,0,26
2023-02-26T13:56:10,15,11,0,26
2023-02-26T14:05:28,15,11,0,26
2023-02-26T14:14:39,15,11,0,26
2023-02-26T14:23:45,15,11,0,26
2023-02-26T14:32:51,15,11,0,26
2023-02-26T14:41:56,15,11,0,26
2023-02-26T14:51:02,15,11,0,26
2023-02-26T15:00:08,15,11,0,26
2023-02-26T15:09:14,15,11,0,26
2023-02-26T15:18:20,15,11,0,26
2023-02-26T15:27:26,15,11,0,26
2023-02-26T15:36:32,15,11,0,26
2023-02-26T15:45:38,15,11,0,26
2023-02-26T15:54:53,15,11,0,26
2023-02-26T16:03:59,15,11,0,26
2023-02-26T16:13:05,15,11,0,26
2023-02-26T16:22:12,15,11,0,26
2023-02-26T16:31:19,15,11,0,26
2023-02-26T16:40:26,15,11,0,26
2023-02-26T16:49:32,15,11,0,26
2023-02-26T16:58:38,15,11,0,26
2023-02-26T17:07:44,15,11,0,26
2023-02-26T17:16:51,15,11,0,26
2023-02-26T17:25:57,15,11,0,26
2023-02-26T17:35:03,15,11,0,26
2023-02-26T17:44:08,15,11,0,26
2023-02-26T17:53:24,15,11,0,26
2023-02-26T18:02:30,15,11,0,26
2023-02-26T18:11:37,15,11,0,26
2023-02-26T18:20:43,15,11,0,26
2023-02-26T18:29:49,15,11,0,26
2023-02-26T18:38:56,15,11,0,26
2023-02-26T18:48:02,15,11,0,26
2023-02-26T18:57:08,15,11,0,26
2023-02-26T19:06:16,15,11,0,26
2023-02-26T19:15:23,15,11,0,26
2023-02-26T19:24:29,15,11,0,26
2023-02-26T19:33:35,15,11,0,26
2023-02-26T19:42:42,15,11,0,26
2023-02-26T19:51:58,15,11,0,26
2023-02-26T20:01:04,15,11,0,26
2023-02-26T20:10:10,15,11,0,26
2023-02-26T20:19:17,15,11,0,26
2023-02-26T20:28:23,15,11,0,26
2023-02-26T20:37:29,15,11,0,26
2023-02-26T20:46:36,15,11,0,26
2023-02-26T20:55:42,15,11,0,26
2023-02-26T21:04:48,15,11,0,26
2023-02-26T21:13:55,15,11,0,26
2023-02-26T21:23:01,15,11,0,26
2023-02-26T21:32:07,15,11,0,26
2023-02-26T21:41:14,15,11,0,26
2023-02-26T21:50:31,15,11,0,26
2023-02-26T21:59:37,15,11,0,26
2023-02-26T22:08:44,15,11,0,26
2023-02-26T22:17:51,15,11,0,26
2023-02-26T22:26:57,15,11,0,26
2023-02-26T22:36:05,15,11,0,26
2023-02-26T22:45:12,15,11,0,26
2023-02-26T22:54:19,15,11,0,26
2023-02-26T23:03:28,15,11,0,26
2023-02-26T23:12:34,15,11,0,26
2023-02-26T23:21:41,15,11,0,26
2023-02-26T23:30:48,15,11,0,26
2023-02-26T23:40:03,15,11,0,26
2023-02-26T23:49:09,15,11,0,26
2023-02-26T23:58:15,15,11,0,26
2023-02-27T00:08:14,15,11,0,26
2023-02-27T00:17:30,15,11,0,26
2023-02-27T00:26:41,15,11,0,26
2023-02-27T00:35:57,15,11,0,26
2023-02-27T00:45:05,14,12,0,26
2023-02-27T00:54:13,14,12,0,26
2023-02-27T01:03:19,14,12,0,26
2023-02-27T01:12:25,14,12,0,26
2023-02-27T01:21:37,14,12,0,26
2023-02-27T01:30:46,14,12,0,26
2023-02-27T01:39:55,14,12,0,26
2023-02-27T01:49:12,14,12,0,26
2023-02-27T01:58:20,14,12,0,26
2023-02-27T02:07:28,14,12,0,26
2023-02-27T02:16:37,14,12,0,26
2023-02-27T02:25:45,14,12,0,26
2023-02-27T02:34:53,14,12,0,26
2023-02-27T02:44:00,14,12,0,26
2023-02-27T02:53:06,14,12,0,26
2023-02-27T03:02:13,14,12,0,26
2023-02-27T03:11:19,14,12,0,26
2023-02-27T03:20:25,14,12,0,26
2023-02-27T03:29:32,14,12,0,26
2023-02-27T03:38:40,14,12,0,26
2023-02-27T03:47:48,14,12,0,26
2023-02-27T03:56:56,14,12,0,26
2023-02-27T04:06:05,14,12,0,26
2023-02-27T04:22:29,14,12,0,26
2023-02-27T04:31:38,14,12,0,26
2023-02-27T04:41:58,14,12,0,26
2023-02-27T04:51:22,14,12,0,26
2023-02-27T05:00:31,14,12,0,26
2023-02-27T05:09:40,14,12,0,26
2023-02-27T05:18:48,14,12,0,26
2023-02-27T05:27:56,14,12,0,26
2023-02-27T05:37:09,14,12,0,26
2023-02-27T05:46:20,14,12,0,26
2023-02-27T05:55:31,14,12,0,26
2023-02-27T06:04:40,14,12,0,26
2023-02-27T06:13:48,14,12,0,26
2023-02-27T06:22:56,14,12,0,26
2023-02-27T06:32:03,14,12,0,26
2023-02-27T06:41:10,14,12,0,26
2023-02-27T06:50:19,14,12,0,26
2023-02-27T06:59:26,14,12,0,26
2023-02-27T07:08:34,14,12,0,26
2023-02-27T07:17:44,14,12,0,26
2023-02-27T07:26:51,14,12,0,26
2023-02-27T07:36:00,14,12,0,26
2023-02-27T07:45:07,14,12,0,26
2023-02-27T07:54:15,14,12,0,26
2023-02-27T08:03:23,14,12,0,26
2023-02-27T08:12:30,14,12,0,26
2023-02-27T08:21:37,14,12,0,26
2023-02-27T08:30:45,14,12,0,26
2023-02-27T08:39:52,14,12,0,26
2023-02-27T08:49:01,14,12,0,26
2023-02-27T08:58:09,14,12,0,26
2023-02-27T09:07:26,14,12,0,26
2023-02-27T09:16:35,14,12,0,26
2023-02-27T09:25:44,14,12,0,26
2023-02-27T09:34:53,14,12,0,26
2023-02-27T09:44:03,14,12,0,26
2023-02-27T09:53:12,14,12,0,26
2023-02-27T10:02:34,14,12,0,26
2023-02-27T10:11:44,14,12,0,26
2023-02-27T10:20:53,14,12,0,26
2023-02-27T10:30:03,14,12,0,26
2023-02-27T10:39:14,14,12,0,26
2023-02-27T10:48:25,14,12,0,26
2023-02-27T10:57:34,14,12,0,26
2023-02-27T11:06:46,14,12,0,26
2023-02-27T11:16:10,14,12,0,26
2023-02-27T11:25:22,14,12,0,26
2023-02-27T11:34:32,14,12,0,26
2023-02-27T11:43:44,14,12,0,26
2023-02-27T11:52:57,14,12,0,26
2023-02-27T12:02:19,14,12,0,26
2023-02-27T12:11:33,14,12,0,26
2023-02-27T12:20:45,14,12,0,26
2023-02-27T12:29:57,14,12,0,26
2023-02-27T12:39:10,14,12,0,26
2023-02-27T12:48:33,14,12,0,26
2023-02-27T12:57:45,14,12,0,26
2023-02-27T13:06:59,14,12,0,26
2023-02-27T13:16:12,14,12,0,26
2023-02-27T13:25:24,14,12,0,26
2023-02-27T13:34:47,14,12,0,26
2023-02-27T13:44:03,14,12,0,26
2023-02-27T13:53:20,14,12,0,26
2023-02-27T14:02:38,14,12,0,26
2023-02-27T14:12:01,14,12,0,26
2023-02-27T14:21:15,14,12,0,26
2023-02-27T14:30:28,14,12,0,26
2023-02-27T14:39:41,14,12,0,26
2023-02-27T14:48:55,14,12,0,26
2023-02-27T14:58:19,14,12,0,26
2023-02-27T15:07:32,14,12,0,26
2023-02-27T15:16:45,14,12,0,26
2023-02-27T15:25:57,14,12,0,26
2023-02-27T15:35:10,14,12,0,26
2023-02-27T15:44:33,14,12,0,26
2023-02-27T15:53:46,14,12,0,26
2023-02-27T16:02:59,14,12,0,26
2023-02-27T16:12:11,14,12,0,26
2023-02-27T16:21:24,14,12,0,26
2023-02-27T16:30:36,14,12,0,26
2023-02-27T16:39:49,14,12,0,26
2023-02-27T16:49:10,14,12,0,26
2023-02-27T16:58:23,14,12,0,26
2023-02-27T17:07:37,14,12,0,26
2023-02-27T17:16:51,14,12,0,26
2023-02-27T17:26:03,14,12,0,26
2023-02-27T17:35:15,14,12,0,26
2023-02-27T17:44:27,14,12,0,26
2023-02-27T17:53:50,14,12,0,26
2023-02-27T18:03:02,14,12,0,26
2023-02-27T18:12:14,14,12,0,26
2023-02-27T18:21:25,14,12,0,26
2023-02-27T18:30:37,15,11,0,26
2023-02-27T18:39:48,15,11,0,26
2023-02-27T18:49:01,15,11,0,26
2023-02-27T18:58:23,15,11,0,26
2023-02-27T19:07:35,15,11,0,26
2023-02-27T19:16:46,15,11,0,26
2023-02-27T19:25:56,15,11,0,26
2023-02-27T19:35:08,15,11,0,26
2023-02-27T19:44:20,15,11,0,26
2023-02-27T19:53:31,15,11,0,26
2023-02-27T20:02:44,15,11,0,26
2023-02-27T20:12:06,15,11,0,26
2023-02-27T20:21:18,15,11,0,26
2023-02-27T20:30:30,15,11,0,26
2023-02-27T20:39:41,15,11,0,26
2023-02-27T20:48:53,15,11,0,26
2023-02-27T20:58:04,15,11,0,26
2023-02-27T21:07:14,15,11,0,26
2023-02-27T21:16:25,15,11,0,26
2023-02-27T21:25:38,15,11,0,26
2023-02-27T21:35:01,15,11,0,26
2023-02-27T21:44:12,15,11,0,26
2023-02-27T21:53:24,15,11,0,26
2023-02-27T22:02:35,15,11,0,26
2023-02-27T22:11:48,15,11,0,26
2023-02-27T22:43:46,15,11,0,26
2023-02-27T22:52:57,15,11,0,26
2023-02-27T23:02:26,15,11,0,26
2023-02-27T23:11:38,15,11,0,26
2023-02-27T23:20:49,15,11,0,26
2023-02-27T23:30:00,15,11,0,26
2023-02-27T23:39:11,15,11,0,26
2023-02-27T23:48:21,15,11,0,26
2023-02-27T23:57:33,15,11,0,26
2023-02-28T00:06:46,15,11,0,26
2023-02-28T00:16:00,15,11,0,26
2023-02-28T00:25:15,15,11,0,26
2023-02-28T00:34:39,15,11,0,26
2023-02-28T00:43:51,15,11,0,26
2023-02-28T00:53:05,15,11,0,26
2023-02-28T01:02:20,15,11,0,26
2023-02-28T01:11:33,15,11,0,26
2023-02-28T01:20:45,15,11,0,26
2023-02-28T01:29:56,15,11,0,26
2023-02-28T01:39:08,15,11,0,26
2023-02-28T01:48:18,15,11,0,26
2023-02-28T01:57:30,15,11,0,26
2023-02-28T02:06:42,15,11,0,26
2023-02-28T02:15:53,15,11,0,26
2023-02-28T02:25:04,15,11,0,26
2023-02-28T02:34:16,15,11,0,26
2023-02-28T02:43:44,15,11,0,26
2023-02-28T02:52:54,15,11,0,26
2023-02-28T03:02:04,15,11,0,26
2023-02-28T03:11:14,15,11,0,26
2023-02-28T03:20:24,15,11,0,26
2023-02-28T03:29:34,15,11,0,26
2023-02-28T03:38:48,15,11,0,26
2023-02-28T03:48:02,15,11,0,26
2023-02-28T03:57:16,15,11,0,26
2023-02-28T04:06:30,15,11,0,26
2023-02-28T04:18:45,15,11,0,26
2023-02-28T04:29:17,15,11,0,26
2023-02-28T04:38:46,15,11,0,26
2023-02-28T04:47:59,15,11,0,26
2023-02-28T04:57:12,15,11,0,26
2023-02-28T05:06:27,15,11,0,26
2023-02-28T05:15:42,15,11,0,26
2023-02-28T05:24:55,15,11,0,26
2023-02-28T05:34:08,15,11,0,26
2023-02-28T05:43:22,15,11,0,26
2023-02-28T05:52:35,15,11,0,26
2023-02-28T06:01:49,15,11,0,26
2023-02-28T06:11:06,15,11,0,26
2023-02-28T06:20:21,15,11,0,26
2023-02-28T06:29:34,15,11,0,26
2023-02-28T06:38:47,15,11,0,26
2023-02-28T06:48:00,15,11,0,26
2023-02-28T06:57:13,15,11,0,26
2023-02-28T07:06:31,15,11,0,26
2023-02-28T07:15:45,15,11,0,26
2023-02-28T07:24:59,15,11,0,26
2023-02-28T07:34:14,15,11,0,26
2023-02-28T07:43:28,15,11,0,26
2023-02-28T07:52:43,15,11,0,26
2023-02-28T08:01:55,15,11,0,26
2023-02-28T08:11:07,15,11,0,26
2023-02-28T08:20:28,15,11,0,26
2023-02-28T08:29:40,15,11,0,26
2023-02-28T08:38:52,15,11,0,26
2023-02-28T08:48:05,15,11,0,26
2023-02-28T08:57:23,15,11,0,26
2023-02-28T09:06:38,15,11,0,26
2023-02-28T09:15:51,15,11,0,26
2023-02-28T09:25:04,15,11,0,26
2023-02-28T09:34:18,15,11,0,26
2023-02-28T09:43:33,15,11,0,26
2023-02-28T09:52:46,15,11,0,26
2023-02-28T10:02:10,15,11,0,26
2023-02-28T10:11:24,15,11,0,26
2023-02-28T10:20:37,15,11,0,26
2023-02-28T10:29:51,15,11,0,26
2023-02-28T10:39:06,15,11,0,26
2023-02-28T10:48:20,15,11,0,26
2023-02-28T10:57:33,15,11,0,26
2023-02-28T11:06:47,15,11,0,26
2023-02-28T11:16:13,15,11,0,26
2023-02-28T11:25:28,15,11,0,26
2023-02-28T11:34:42,15,11,0,26
2023-02-28T11:43:55,15,11,0,26
2023-02-28T11:53:08,15,11,0,26
2023-02-28T12:02:22,15,11,0,26
2023-02-28T12:11:45,15,11,0,26
2023-02-28T12:20:58,16,10,0,26
2023-02-28T12:30:12,16,10,0,26
2023-02-28T12:39:35,16,10,0,26
2023-02-28T12:48:51,16,10,0,26
2023-02-28T12:58:07,16,10,0,26
2023-02-28T13:07:24,16,10,0,26
2023-02-28T13:16:43,16,10,0,26
2023-02-28T13:26:12,16,10,0,26
2023-02-28T13:35:27,16,10,0,26
2023-02-28T13:44:42,16,10,0,26
2023-02-28T13:53:56,16,10,0,26
2023-02-28T14:03:11,16,10,0,26
2023-02-28T14:12:38,16,10,0,26
2023-02-28T14:21:53,16,10,0,26
2023-02-28T14:31:08,16,10,0,26
2023-02-28T14:40:23,16,10,0,26
2023-02-28T14:49:38,16,10,0,26
2023-02-28T14:59:03,16,10,0,26
2023-02-28T15:08:17,16,10,0,26
2023-02-28T15:17:31,16,10,0,26
2023-02-28T15:26:45,16,10,0,26
2023-02-28T15:36:02,16,10,0,26
2023-02-28T15:45:26,16,10,0,26
2023-02-28T15:54:39,16,10,0,26
2023-02-28T16:03:53,16,10,0,26
2023-02-28T16:13:07,16,10,0,26
2023-02-28T16:22:33,16,10,0,26
2023-02-28T16:31:46,16,10,0,26
2023-02-28T16:41:00,16,10,0,26
2023-02-28T16:50:13,16,10,0,26
2023-02-28T16:59:27,16,10,0,26
2023-02-28T17:08:42,16,10,0,26
2023-02-28T17:17:56,16,10,0,26
2023-02-28T17:27:21,16,10,0,26
2023-02-28T17:36:34,16,10,0,26
2023-02-28T17:45:47,16,10,0,26
2023-02-28T17:55:00,16,10,0,26
2023-02-28T18:04:16,16,10,0,26
2023-02-28T18:13:29,16,10,0,26
2023-02-28T18:22:43,16,10,0,26
2023-02-28T18:32:07,16,10,0,26
2023-02-28T18:41:20,16,10,0,26
2023-02-28T18:50:32,16,10,0,26
2023-02-28T18:59:45,16,10,0,26
2023-02-28T19:08:59,16,10,0,26
2023-02-28T19:18:11,16,10,0,26
2023-02-28T19:27:24,16,10,0,26
2023-02-28T19:36:47,16,10,0,26
2023-02-28T19:45:59,16,10,0,26
2023-02-28T19:55:11,16,10,0,26
2023-02-28T20:04:25,16,10,0,26
2023-02-28T20:13:37,16,10,0,26
2023-02-28T20:22:49,16,10,0,26
2023-02-28T20:32:02,16,10,0,26
2023-02-28T20:41:24,16,10,0,26
2023-02-28T20:50:37,16,10,0,26
2023-02-28T20:59:48,16,10,0,26
2023-02-28T21:08:59,16,10,0,26
2023-02-28T21:18:10,16,10,0,26
2023-02-28T21:27:22,16,10,0,26
2023-02-28T21:36:33,16,10,0,26
2023-02-28T21:45:54,16,10,0,26
2023-02-28T21:55:06,16,10,0,26
2023-02-28T22:04:17,16,10,0,26
2023-02-28T22:13:29,16,10,0,26
2023-02-28T22:22:42,16,10,0,26
2023-02-28T22:31:54,16,10,0,26
2023-02-28T22:41:06,16,10,0,26
2023-02-28T22:50:17,16,10,0,26
2023-02-28T22:59:29,16,10,0,26
2023-02-28T23:08:51,16,10,0,26
2023-02-28T23:18:02,16,10,0,26
2023-02-28T23:27:14,16,10,0,26
2023-02-28T23:36:26,16,10,0,26
2023-02-28T23:45:38,16,10,0,26
2023-02-28T23:54:49,16,10,0,26
2023-03-01T00:04:02,16,10,0,26
2023-03-01T00:13:17,16,10,0,26
2023-03-01T00:22:32,16,10,0,26
2023-03-01T00:31:44,16,10,0,26
2023-03-01T00:40:59,16,10,0,26
2023-03-01T00:50:23,16,10,0,26
2023-03-01T00:59:37,16,10,0,26
2023-03-01T01:08:53,16,10,0,26
2023-03-01T01:18:08,16,10,0,26
2023-03-01T01:27:21,16,10,0,26
2023-03-01T01:36:33,16,10,0,26
2023-03-01T01:45:46,16,10,0,26
2023-03-01T01:55:00,16,10,0,26
2023-03-01T02:04:12,16,10,0,26
2023-03-01T02:13:25,16,10,0,26
2023-03-01T02:22:37,16,10,0,26
2023-03-01T02:31:50,16,10,0,26
2023-03-01T02:41:04,16,10,0,26
2023-03-01T02:50:29,16,10,0,26
2023-03-01T02:59:43,16,10,0,26
2023-03-01T03:09:06,16,10,0,26
2023-03-01T03:18:18,16,10,0,26
2023-03-01T03:27:30,16,10,0,26
2023-03-01T03:36:43,16,10,0,26
2023-03-01T03:45:56,16,10,0,26
2023-03-01T03:55:09,16,10,0,26
2023-03-01T04:04:22,16,10,0,26
2023-03-01T04:17:42,16,10,0,26
2023-03-01T04:26:57,16,10,0,26
2023-03-01T04:36:11,16,10,0,26
2023-03-01T04:46:43,16,10,0,26
2023-03-01T04:56:15,16,10,0,26
2023-03-01T05:05:31,16,10,0,26
2023-03-01T05:14:46,16,10,0,26
2023-03-01T05:24:00,16,10,0,26
2023-03-01T05:33:14,16,10,0,26
2023-03-01T05:42:28,16,10,0,26
2023-03-01T05:51:45,16,10,0,26
2023-03-01T06:01:00,16,10,0,26
2023-03-01T06:10:17,16,10,0,26
2023-03-01T06:19:30,16,10,0,26
2023-03-01T06:28:43,16,10,0,26
2023-03-01T06:37:56,16,10,0,26
2023-03-01T06:47:10,16,10,0,26
2023-03-01T06:56:23,16,10,0,26
2023-03-01T07:05:37,16,10,0,26
2023-03-01T07:14:51,16,10,0,26
2023-03-01T07:24:03,16,10,0,26
2023-03-01T07:33:16,16,10,0,26
2023-03-01T07:42:29,16,10,0,26
2023-03-01T07:51:43,16,10,0,26
2023-03-01T08:01:00,16,10,0,26
2023-03-01T08:10:13,16,10,0,26
2023-03-01T08:19:27,16,10,0,26
2023-03-01T08:28:41,16,10,0,26
2023-03-01T08:37:55,16,10,0,26
2023-03-01T08:47:09,16,10,0,26
2023-03-01T08:56:24,16,10,0,26
2023-03-01T09:05:39,16,10,0,26
2023-03-01T09:15:05,16,10,0,26
2023-03-01T09:24:20,16,10,0,26
2023-03-01T09:33:51,16,10,0,26
2023-03-01T09:43:09,16,10,0,26
2023-03-01T09:52:25,16,10,0,26
2023-03-01T10:01:42,16,10,0,26
2023-03-01T10:10:59,16,10,0,26
2023-03-01T10:20:23,16,10,0,26
2023-03-01T10:29:39,16,10,0,26
2023-03-01T10:38:55,16,10,0,26
2023-03-01T10:48:10,16,10,0,26
2023-03-01T10:57:26,16,10,0,26
2023-03-01T11:06:54,16,10,0,26
2023-03-01T11:16:11,16,10,0,26
2023-03-01T11:25:28,16,10,0,26
2023-03-01T11:34:44,16,10,0,26
2023-03-01T11:44:10,16,10,0,26
2023-03-01T11:53:27,16,10,0,26
2023-03-01T12:02:44,16,10,0,26
2023-03-01T12:12:00,16,10,0,26
2023-03-01T12:21:14,16,10,0,26
2023-03-01T12:30:39,16,10,0,26
2023-03-01T12:39:53,16,10,0,26
2023-03-01T12:49:08,16,10,0,26
2023-03-01T12:58:24,16,10,0,26
2023-03-01T13:07:41,16,10,0,26
2023-03-01T13:17:07,16,10,0,26
2023-03-01T13:26:22,16,10,0,26
2023-03-01T13:35:38,16,10,0,26
2023-03-01T13:44:53,16,10,0,26
2023-03-01T13:54:08,16,10,0,26
2023-03-01T14:03:34,16,10,0,26
2023-03-01T14:12:52,16,10,0,26
2023-03-01T14:22:08,16,10,0,26
2023-03-01T14:31:24,16,10,0,26
2023-03-01T14:40:53,16,10,0,26
2023-03-01T14:50:10,16,10,0,26
2023-03-01T14:59:26,16,10,0,26
2023-03-01T15:08:44,16,10,0,26
2023-03-01T15:18:09,16,10,0,26
2023-03-01T15:27:26,16,10,0,26
2023-03-01T15:36:42,16,10,0,26
2023-03-01T15:45:59,16,10,0,26
2023-03-01T15:55:15,16,10,0,26
2023-03-01T16:04:41,16,10,0,26
2023-03-01T16:13:56,16,10,0,26
2023-03-01T16:23:11,16,10,0,26
2023-03-01T16:32:28,16,10,0,26
2023-03-01T16:41:42,16,10,0,26
2023-03-01T16:51:09,16,10,0,26
2023-03-01T17:00:23,16,10,0,26
2023-03-01T17:09:43,16,10,0,26
2023-03-01T17:18:58,16,10,0,26
2023-03-01T17:28:12,16,10,0,26
2023-03-01T17:37:37,16,10,0,26
2023-03-01T17:46:51,16,10,0,26
2023-03-01T17:56:04,16,10,0,26
2023-03-01T18:05:21,16,10,0,26
2023-03-01T18:14:36,16,10,0,26
2023-03-01T18:23:50,16,10,0,26
2023-03-01T18:33:18,16,10,0,26
2023-03-01T18:42:33,16,10,0,26
2023-03-01T18:51:46,16,10,0,26
2023-03-01T19:00:58,16,10,0,26
2023-03-01T19:10:11,16,10,0,26
2023-03-01T19:19:23,16,10,0,26
2023-03-01T19:28:36,16,10,0,26
2023-03-01T19:37:59,16,10,0,26
2023-03-01T19:47:11,16,10,0,26
2023-03-01T19:56:24,16,10,0,26
2023-03-01T20:05:38,16,10,0,26
2023-03-01T20:14:50,16,10,0,26
2023-03-01T20:24:03,16,10,0,26
2023-03-01T20:33:16,16,10,0,26
2023-03-01T20:42:39,16,10,0,26
2023-03-01T20:51:51,16,10,0,26
2023-03-01T21:01:02,16,10,0,26
2023-03-01T21:10:14,16,10,0,26
2023-03-01T21:19:32,16,10,0,26
2023-03-01T21:28:44,16,10,0,26
2023-03-01T21:37:56,16,10,0,26
2023-03-01T21:47:21,16,10,0,26
2023-03-01T21:56:33,16,10,0,26
2023-03-01T22:05:46,16,10,0,26
2023-03-01T22:14:59,16,10,0,26
2023-03-01T22:24:12,16,10,0,26
2023-03-01T22:33:25,16,10,0,26
2023-03-01T22:42:36,16,10,0,26
2023-03-01T22:51:47,16,10,0,26
2023-03-01T23:00:59,16,10,0,26
2023-03-01T23:10:22,16,10,0,26
2023-03-01T23:19:34,16,10,0,26
2023-03-01T23:28:46,16,10,0,26
2023-03-01T23:37:58,16,10,0,26
2023-03-01T23:47:09,16,10,0,26
2023-03-01T23:56:21,16,10,0,26
2023-03-02T00:05:34,16,10,0,26
2023-03-02T00:14:50,16,10,0,26
2023-03-02T00:24:06,17,9,0,26
2023-03-02T00:33:18,17,9,0,26
2023-03-02T00:42:42,17,9,0,26
2023-03-02T00:51:57,17,9,0,26
2023-03-02T01:01:12,17,9,0,26
2023-03-02T01:10:26,17,9,0,26
2023-03-02T01:19:39,17,9,0,26
2023-03-02T01:28:51,17,9,0,26
2023-03-02T01:38:04,17,9,0,26
2023-03-02T01:47:16,17,9,0,26
2023-03-02T01:56:29,17,9,0,26
2023-03-02T02:05:43,17,9,0,26
2023-03-02T02:14:56,17,9,0,26
2023-03-02T02:24:08,17,9,0,26
2023-03-02T02:33:21,17,9,0,26
2023-03-02T02:42:32,17,9,0,26
2023-03-02T02:51:43,17,9,0,26
2023-03-02T03:01:02,17,9,0,26
2023-03-02T03:10:13,17,9,0,26
2023-03-02T03:19:23,17,9,0,26
2023-03-02T03:28:33,17,9,0,26
2023-03-02T03:37:45,17,9,0,26
2023-03-02T03:47:00,17,9,0,26
2023-03-02T03:56:16,17,9,0,26
2023-03-02T04:05:33,17,9,0,26
2023-03-02T04:23:12,17,9,0,26
2023-03-02T04:32:26,17,9,0,26
2023-03-02T04:42:56,17,9,0,26
2023-03-02T04:52:26,17,9,0,26
2023-03-02T05:01:41,17,9,0,26
2023-03-02T05:10:57,17,9,0,26
2023-03-02T05:20:10,17,9,0,26
2023-03-02T05:29:23,17,9,0,26
2023-03-02T05:38:38,17,9,0,26
2023-03-02T05:47:52,17,9,0,26
2023-03-02T05:57:07,17,9,0,26
2023-03-02T06:06:22,17,9,0,26
2023-03-02T06:15:34,17,9,0,26
2023-03-02T06:24:48,17,9,0,26
2023-03-02T06:34:01,17,9,0,26
2023-03-02T06:43:15,17,9,0,26
2023-03-02T06:52:29,17,9,0,26
2023-03-02T07:01:44,17,9,0,26
2023-03-02T07:10:58,17,9,0,26
2023-03-02T07:20:12,17,9,0,26
2023-03-02T07:29:25,17,9,0,26
2023-03-02T07:38:40,17,9,0,26
2023-03-02T07:47:55,17,9,0,26
2023-03-02T07:57:12,17,9,0,26
2023-03-02T08:06:26,17,9,0,26
2023-03-02T08:15:40,17,9,0,26
2023-03-02T08:24:54,17,9,0,26
2023-03-02T08:34:09,17,9,0,26
2023-03-02T08:43:22,17,9,0,26
2023-03-02T08:52:36,17,9,0,26
2023-03-02T09:02:01,17,9,0,26
2023-03-02T09:11:15,17,9,0,26
2023-03-02T09:20:31,17,9,0,26
2023-03-02T09:29:45,17,9,0,26
2023-03-02T09:39:02,17,9,0,26
2023-03-02T09:48:18,17,9,0,26
2023-03-02T09:57:34,17,9,0,26
2023-03-02T10:06:51,17,9,0,26
2023-03-02T10:16:21,17,9,0,26
2023-03-02T10:25:39,17,9,0,26
2023-03-02T10:34:59,17,9,0,26
2023-03-02T10:44:17,17,9,0,26
2023-03-02T10:53:45,17,9,0,26
2023-03-02T11:08:39,17,9,0,26
2023-03-02T11:31:20,17,9,0,26
2023-03-02T11:52:40,17,9,0,26
2023-03-02T12:11:29,17,9,0,26
2023-03-02T12:39:58,17,9,0,26
2023-03-02T13:03:56,17,9,0,26
2023-03-02T13:16:08,17,9,0,26
2023-03-02T13:35:18,17,9,0,26
2023-03-02T13:46:05,17,9,0,26
2023-03-02T13:55:35,17,9,0,26
2023-03-02T14:05:21,17,9,0,26
2023-03-02T14:14:45,17,9,0,26
2023-03-02T14:27:01,17,9,0,26
2023-03-02T14:36:59,18,8,0,26
2023-03-02T14:46:18,18,8,0,26
2023-03-02T14:55:47,18,8,0,26
2023-03-02T15:05:19,18,8,0,26
2023-03-02T15:14:38,18,8,0,26
2023-03-02T15:24:08,18,8,0,26
2023-03-02T15:33:30,18,8,0,26
2023-03-02T15:42:50,18,8,0,26
2023-03-02T15:52:21,18,8,0,26
2023-03-02T16:01:40,18,8,0,26
2023-03-02T16:10:59,18,8,0,26
2023-03-02T16:20:31,18,8,0,26
2023-03-02T16:29:48,18,8,0,26
2023-03-02T16:39:06,18,8,0,26
2023-03-02T16:48:33,18,8,0,26
2023-03-02T16:57:56,18,8,0,26
2023-03-02T17:07:16,18,8,0,26
2023-03-02T17:16:44,18,8,0,26
2023-03-02T17:26:01,18,8,0,26
2023-03-02T17:35:17,18,8,0,26
2023-03-02T17:44:43,18,8,0,26
2023-03-02T17:53:59,18,8,0,26
2023-03-02T18:03:15,18,8,0,26
2023-03-02T18:12:29,18,8,0,26
2023-03-02T18:21:56,18,8,0,26
2023-03-02T18:31:12,18,8,0,26
2023-03-02T18:40:26,18,8,0,26
2023-03-02T18:49:41,18,8,0,26
2023-03-02T18:58:57,18,8,0,26
2023-03-02T19:10:45,18,8,0,26
2023-03-02T19:19:59,18,8,0,26
2023-03-02T19:29:13,18,8,0,26
2023-03-02T19:38:27,18,8,0,26
2023-03-02T19:48:35,18,8,0,26
2023-03-02T19:57:59,18,8,0,26
2023-03-02T20:07:13,18,8,0,26
2023-03-02T20:16:29,18,8,0,26
2023-03-02T20:25:43,18,8,0,26
2023-03-02T20:34:56,18,8,0,26
2023-03-02T20:44:19,18,8,0,26
2023-03-02T20:53:40,18,8,0,26
2023-03-02T21:02:53,18,8,0,26
2023-03-02T21:12:07,18,8,0,26
2023-03-02T21:21:20,18,8,0,26
2023-03-02T21:30:33,18,8,0,26
2023-03-02T21:39:47,18,8,0,26
2023-03-02T21:49:19,18,8,0,26
2023-03-02T21:58:34,18,8,0,26
2023-03-02T22:07:50,18,8,0,26
2023-03-02T22:17:04,18,8,0,26
2023-03-02T22:26:17,18,8,0,26
2023-03-02T22:35:35,18,8,0,26
2023-03-02T22:44:55,18,8,0,26
2023-03-02T22:54:16,18,8,0,26
2023-03-02T23:03:47,18,8,0,26
2023-03-02T23:13:09,18,8,0,26
2023-03-02T23:22:31,17,9,0,26
2023-03-02T23:31:51,17,9,0,26
2023-03-02T23:41:11,17,9,0,26
2023-03-02T23:50:32,17,9,0,26
2023-03-02T23:59:53,17,9,0,26
2023-03-03T00:09:13,17,9,0,26
2023-03-03T00:18:44,17,9,0,26
2023-03-03T00:28:03,17,9,0,26
2023-03-03T00:37:20,17,9,0,26
2023-03-03T00:46:35,17,9,0,26
2023-03-03T00:55:50,17,9,0,26
2023-03-03T01:05:05,17,9,0,26
2023-03-03T01:14:23,17,9,0,26
2023-03-03T01:23:38,17,9,0,26
2023-03-03T01:32:53,17,9,0,26
2023-03-03T01:42:07,17,9,0,26
2023-03-03T01:51:21,17,9,0,26
2023-03-03T02:00:34,17,9,0,26
2023-03-03T02:09:54,17,9,0,26
2023-03-03T02:19:20,17,9,0,26
2023-03-03T02:28:35,17,9,0,26
2023-03-03T02:37:49,17,9,0,26
2023-03-03T02:47:03,17,9,0,26
2023-03-03T02:56:27,17,9,0,26
2023-03-03T03:05:48,17,9,0,26
2023-03-03T03:15:10,17,9,0,26
2023-03-03T03:24:23,17,9,0,26
2023-03-03T03:33:38,17,9,0,26
2023-03-03T03:42:52,17,9,0,26
2023-03-03T03:52:06,17,9,0,26
2023-03-03T04:01:21,17,9,0,26
2023-03-03T04:10:36,17,9,0,26
2023-03-03T04:19:52,17,9,0,26
2023-03-03T04:34:05,17,9,0,26
2023-03-03T04:43:41,17,9,0,26
2023-03-03T04:52:56,17,9,0,26
2023-03-03T05:02:12,17,9,0,26
2023-03-03T05:11:28,17,9,0,26
2023-03-03T05:20:43,17,9,0,26
2023-03-03T05:29:59,17,9,0,26
2023-03-03T05:39:15,17,9,0,26
2023-03-03T05:48:31,17,9,0,26
2023-03-03T05:57:47,17,9,0,26
2023-03-03T06:07:02,17,9,0,26
2023-03-03T06:16:17,17,9,0,26
2023-03-03T06:25:31,17,9,0,26
2023-03-03T06:34:45,17,9,0,26
2023-03-03T06:43:59,17,9,0,26
2023-03-03T06:53:13,17,9,0,26
2023-03-03T07:02:35,17,9,0,26
2023-03-03T07:11:51,17,9,0,26
2023-03-03T07:21:06,17,9,0,26
2023-03-03T07:30:20,17,9,0,26
2023-03-03T07:39:36,17,9,0,26
2023-03-03T07:48:50,17,9,0,26
2023-03-03T07:58:04,17,9,0,26
2023-03-03T08:07:18,17,9,0,26
2023-03-03T08:16:31,17,9,0,26
2023-03-03T08:25:55,17,9,0,26
2023-03-03T08:35:11,17,9,0,26
2023-03-03T08:44:25,17,9,0,26
2023-03-03T08:53:40,17,9,0,26
2023-03-03T09:02:55,17,9,0,26
2023-03-03T09:12:14,17,9,0,26
2023-03-03T09:21:44,17,9,0,26
2023-03-03T09:31:02,17,9,0,26
2023-03-03T09:40:25,17,9,0,26
2023-03-03T09:49:46,17,9,0,26
2023-03-03T09:59:17,17,9,0,26
2023-03-03T10:08:34,17,9,0,26
2023-03-03T10:17:50,17,9,0,26
2023-03-03T10:27:08,17,9,0,26
2023-03-03T10:36:24,17,9,0,26
2023-03-03T10:45:57,17,9,0,26
2023-03-03T10:55:19,17,9,0,26
2023-03-03T11:04:39,17,9,0,26
2023-03-03T11:13:57,17,9,0,26
2023-03-03T11:23:16,17,9,0,26
2023-03-03T11:32:47,17,9,0,26
2023-03-03T11:42:05,17,9,0,26
2023-03-03T11:51:22,17,9,0,26
2023-03-03T12:00:38,17,9,0,26
2023-03-03T12:09:55,17,9,0,26
2023-03-03T12:19:21,17,9,0,26
2023-03-03T12:28:37,17,9,0,26
2023-03-03T12:37:56,17,9,0,26
2023-03-03T12:47:12,17,9,0,26
2023-03-03T12:56:39,17,9,0,26
2023-03-03T13:06:01,17,9,0,26
2023-03-03T13:15:20,17,9,0,26
2023-03-03T13:24:41,17,9,0,26
2023-03-03T13:34:00,17,9,0,26
2023-03-03T13:43:32,17,9,0,26
2023-03-03T13:52:52,17,9,0,26
2023-03-03T14:02:12,17,9,0,26
2023-03-03T14:11:31,17,9,0,26
2023-03-03T14:20:59,17,9,0,26
2023-03-03T14:30:16,17,9,0,26
2023-03-03T14:39:33,17,9,0,26
2023-03-03T14:48:53,17,9,0,26
2023-03-03T14:58:15,17,9,0,26
2023-03-03T15:07:43,17,9,0,26
2023-03-03T15:17:02,17,9,0,26
2023-03-03T15:26:18,17,9,0,26
2023-03-03T15:35:36,17,9,0,26
2023-03-03T15:44:54,17,9,0,26
2023-03-03T15:54:11,17,9,0,26
2023-03-03T16:03:43,17,9,0,26
2023-03-03T16:13:03,17,9,0,26
2023-03-03T16:22:21,17,9,0,26
2023-03-03T16:31:36,17,9,0,26
2023-03-03T16:40:52,17,9,0,26
2023-03-03T16:50:19,17,9,0,26
2023-03-03T16:59:34,17,9,0,26
2023-03-03T17:08:53,17,9,0,26
2023-03-03T17:18:09,17,9,0,26
2023-03-03T17:27:25,17,9,0,26
2023-03-03T17:36:40,17,9,0,26
2023-03-03T17:46:07,17,9,0,26
2023-03-03T17:55:22,17,9,0,26
2023-03-03T18:04:43,17,9,0,26
2023-03-03T18:13:58,17,9,0,26
2023-03-03T18:23:13,17,9,0,26
2023-03-03T18:32:27,17,9,0,26
2023-03-03T18:41:41,17,9,0,26
2023-03-03T18:50:56,17,9,0,26
2023-03-03T19:00:20,17,9,0,26
2023-03-03T19:09:34,17,9,0,26
2023-03-03T19:18:47,17,9,0,26
2023-03-03T19:28:01,17,9,0,26
2023-03-03T19:37:14,17,9,0,26
2023-03-03T19:46:28,17,9,0,26
2023-03-03T19:55:41,17,9,0,26
2023-03-03T20:04:54,17,9,0,26
2023-03-03T20:14:07,17,9,0,26
2023-03-03T20:23:32,17,9,0,26
2023-03-03T20:32:45,17,9,0,26
2023-03-03T20:42:04,17,9,0,26
2023-03-03T20:51:16,17,9,0,26
2023-03-03T21:00:29,17,9,0,26
2023-03-03T21:09:42,17,9,0,26
2023-03-03T21:18:55,17,9,0,26
2023-03-03T21:28:08,17,9,0,26
2023-03-03T21:37:21,17,9,0,26
2023-03-03T21:46:34,17,9,0,26
2023-03-03T21:55:47,17,9,0,26
2023-03-03T22:05:01,17,9,0,26
2023-03-03T22:14:15,17,9,0,26
2023-03-03T22:23:39,17,9,0,26
2023-03-03T22:32:53,17,9,0,26
2023-03-03T22:42:06,17,9,0,26
2023-03-03T22:51:19,17,9,0,26
2023-03-03T23:00:33,17,9,0,26
2023-03-03T23:09:47,17,9,0,26
2023-03-03T23:19:01,17,9,0,26
2023-03-03T23:28:14,17,9,0,26
2023-03-03T23:37:28,17,9,0,26
2023-03-03T23:46:42,17,9,0,26
2023-03-03T23:55:55,17,9,0,26
2023-03-04T00:05:23,17,9,0,26
2023-03-04T00:14:41,17,9,0,26
2023-03-04T00:24:04,17,9,0,26
2023-03-04T00:33:20,17,9,0,26
2023-03-04T00:42:37,17,9,0,26
2023-03-04T00:51:58,17,9,0,26
2023-03-04T01:01:14,17,9,0,26
2023-03-04T01:10:31,17,9,0,26
2023-03-04T01:19:49,17,9,0,26
2023-03-04T01:29:06,17,9,0,26
2023-03-04T01:38:22,17,9,0,26
2023-03-04T01:47:38,17,9,0,26
2023-03-04T01:56:53,17,9,0,26
2023-03-04T02:06:06,17,9,0,26
2023-03-04T02:15:20,17,9,0,26
2023-03-04T02:24:35,17,9,0,26
2023-03-04T02:34:00,17,9,0,26
2023-03-04T02:43:14,17,9,0,26
2023-03-04T02:52:27,17,9,0,26
2023-03-04T03:01:40,17,9,0,26
2023-03-04T03:10:53,17,9,0,26
2023-03-04T03:20:06,17,9,0,26
2023-03-04T03:29:19,17,9,0,26
2023-03-04T03:38:33,17,9,0,26
2023-03-04T03:47:49,17,9,0,26
2023-03-04T03:57:03,17,9,0,26
2023-03-04T04:06:24,17,9,0,26
2023-03-04T04:15:41,17,9,0,26
2023-03-04T04:30:43,17,9,0,26
2023-03-04T04:40:27,17,9,0,26
2023-03-04T04:49:43,17,9,0,26
2023-03-04T04:58:59,17,9,0,26
2023-03-04T05:08:15,17,9,0,26
2023-03-04T05:17:32,17,9,0,26
2023-03-04T05:26:47,17,9,0,26
2023-03-04T05:36:03,17,9,0,26
2023-03-04T05:45:19,17,9,0,26
2023-03-04T05:54:35,17,9,0,26
2023-03-04T06:03:49,17,9,0,26
2023-03-04T06:13:03,17,9,0,26
2023-03-04T06:22:20,17,9,0,26
2023-03-04T06:32:10,17,9,0,26
2023-03-04T06:41:26,17,9,0,26
2023-03-04T06:50:43,17,9,0,26
2023-03-04T07:00:00,17,9,0,26
2023-03-04T07:09:36,17,9,0,26
2023-03-04T07:18:53,17,9,0,26
2023-03-04T07:28:10,17,9,0,26
2023-03-04T07:37:30,17,9,0,26
2023-03-04T07:46:47,17,9,0,26
2023-03-04T07:56:03,17,9,0,26
2023-03-04T08:05:19,17,9,0,26
2023-03-04T08:14:36,17,9,0,26
2023-03-04T08:23:52,17,9,0,26
2023-03-04T08:33:07,17,9,0,26
2023-03-04T08:42:22,17,9,0,26
2023-03-04T08:51:47,17,9,0,26
2023-03-04T09:01:02,17,9,0,26
2023-03-04T09:10:16,17,9,0,26
2023-03-04T09:19:31,17,9,0,26
2023-03-04T09:28:45,17,9,0,26
2023-03-04T09:38:01,17,9,0,26
2023-03-04T09:47:15,17,9,0,26
2023-03-04T09:56:30,17,9,0,26
2023-03-04T10:05:45,17,9,0,26
2023-03-04T10:14:59,17,9,0,26
2023-03-04T10:24:20,17,9,0,26
2023-03-04T10:33:36,17,9,0,26
2023-03-04T10:42:51,17,9,0,26
2023-03-04T10:52:16,17,9,0,26
2023-03-04T11:01:31,17,9,0,26
2023-03-04T11:10:47,17,9,0,26
2023-03-04T11:20:01,17,9,0,26
2023-03-04T11:29:16,17,9,0,26
2023-03-04T11:38:31,17,9,0,26
2023-03-04T11:47:46,17,9,0,26
2023-03-04T11:57:01,17,9,0,26
2023-03-04T12:06:17,17,9,0,26
2023-03-04T12:15:42,17,9,0,26
2023-03-04T12:24:56,17,9,0,26
2023-03-04T12:34:11,17,9,0,26
2023-03-04T12:43:26,17,9,0,26
2023-03-04T12:52:41,17,9,0,26
2023-03-04T13:01:55,17,9,0,26
2023-03-04T13:11:15,17,9,0,26
2023-03-04T13:20:28,17,9,0,26
2023-03-04T13:29:41,17,9,0,26
2023-03-04T13:38:54,17,9,0,26
2023-03-04T13:48:09,17,9,0,26
2023-03-04T13:57:22,17,9,0,26
2023-03-04T14:06:36,17,9,0,26
2023-03-04T14:15:48,17,9,0,26
2023-03-04T14:25:18,17,9,0,26
2023-03-04T14:34:32,17,9,0,26
2023-03-04T14:43:45,17,9,0,26
2023-03-04T14:52:57,17,9,0,26
2023-03-04T15:02:10,17,9,0,26
2023-03-04T15:11:23,17,9,0,26
2023-03-04T15:20:36,17,9,0,26
2023-03-04T15:29:49,17,9,0,26
2023-03-04T15:39:03,17,9,0,26
2023-03-04T15:48:17,17,9,0,26
2023-03-04T15:57:30,17,9,0,26
2023-03-04T16:06:45,17,9,0,26
2023-03-04T16:16:06,17,9,0,26
2023-03-04T16:25:26,17,9,0,26
2023-03-04T16:34:47,17,9,0,26
2023-03-04T16:44:08,17,9,0,26
2023-03-04T16:53:34,17,9,0,26
2023-03-04T17:02:54,17,9,0,26
2023-03-04T17:12:32,17,9,0,26
2023-03-04T17:21:54,17,9,0,26
2023-03-04T17:31:14,17,9,0,26
2023-03-04T17:40:32,17,9,0,26
2023-03-04T17:49:49,17,9,0,26
2023-03-04T17:59:05,17,9,0,26
2023-03-04T18:08:20,17,9,0,26
2023-03-04T18:17:33,17,9,0,26
2023-03-04T18:26:47,17,9,0,26
2023-03-04T18:36:00,17,9,0,26
2023-03-04T18:45:14,17,9,0,26
2023-03-04T18:54:27,17,9,0,26
2023-03-04T19:03:51,17,9,0,26
2023-03-04T19:13:04,17,9,0,26
2023-03-04T19:22:18,17,9,0,26
2023-03-04T19:31:32,17,9,0,26
2023-03-04T19:40:46,17,9,0,26
2023-03-04T19:50:07,17,9,0,26
2023-03-04T19:59:20,17,9,0,26
2023-03-04T20:08:40,17,9,0,26
2023-03-04T20:18:00,17,9,0,26
2023-03-04T20:27:13,17,9,0,26
2023-03-04T20:36:26,17,9,0,26
2023-03-04T20:45:45,17,9,0,26
2023-03-04T20:54:58,17,9,0,26
2023-03-04T21:04:12,17,9,0,26
2023-03-04T21:13:25,17,9,0,26
2023-03-04T21:22:38,17,9,0,26
2023-03-04T21:32:18,17,9,0,26
2023-03-04T21:41:31,17,9,0,26
2023-03-04T21:50:44,17,9,0,26
2023-03-04T21:59:57,17,9,0,26
2023-03-04T22:09:11,17,9,0,26
2023-03-04T22:18:24,17,9,0,26
2023-03-04T22:27:37,17,9,0,26
2023-03-04T22:36:50,17,9,0,26
2023-03-04T22:46:03,17,9,0,26
2023-03-04T22:55:16,17,9,0,26
2023-03-04T23:04:35,17,9,0,26
2023-03-04T23:13:49,17,9,0,26
2023-03-04T23:23:02,17,9,0,26
2023-03-04T23:32:15,17,9,0,26
2023-03-04T23:41:28,17,9,0,26
2023-03-04T23:50:50,17,9,0,26
2023-03-05T00:00:03,17,9,0,26
2023-03-05T00:09:17,17,9,0,26
2023-03-05T00:18:35,17,9,0,26
2023-03-05T00:27:49,17,9,0,26
2023-03-05T00:37:04,17,9,0,26
2023-03-05T00:46:19,17,9,0,26
2023-03-05T00:55:34,17,9,0,26
2023-03-05T01:04:49,17,9,0,26
2023-03-05T01:14:02,17,9,0,26
2023-03-05T01:23:16,17,9,0,26
2023-03-05T01:32:30,17,9,0,26
2023-03-05T01:41:45,17,9,0,26
2023-03-05T01:50:59,17,9,0,26
2023-03-05T02:00:33,17,9,0,26
2023-03-05T02:09:58,17,9,0,26
2023-03-05T02:19:14,17,9,0,26
2023-03-05T02:28:29,17,9,0,26
2023-03-05T02:37:45,17,9,0,26
2023-03-05T02:46:59,17,9,0,26
2023-03-05T02:56:14,17,9,0,26
2023-03-05T03:05:27,17,9,0,26
2023-03-05T03:14:40,17,9,0,26
2023-03-05T03:23:54,17,9,0,26
2023-03-05T03:33:08,17,9,0,26
2023-03-05T03:42:23,17,9,0,26
2023-03-05T03:51:39,17,9,0,26
2023-03-05T04:00:54,17,9,0,26
2023-03-05T04:10:10,17,9,0,26
2023-03-05T04:26:42,17,9,0,26
2023-03-05T04:36:16,17,9,0,26
2023-03-05T04:45:32,17,9,0,26
2023-03-05T04:54:49,17,9,0,26
2023-03-05T05:04:04,17,9,0,26
2023-03-05T05:13:21,17,9,0,26
2023-03-05T05:22:35,17,9,0,26
2023-03-05T05:31:51,17,9,0,26
2023-03-05T05:41:08,17,9,0,26
2023-03-05T05:50:24,17,9,0,26
2023-03-05T05:59:41,17,9,0,26
2023-03-05T06:08:58,17,9,0,26
2023-03-05T06:18:13,17,9,0,26
2023-03-05T06:27:28,17,9,0,26
2023-03-05T06:36:42,17,9,0,26
2023-03-05T06:45:57,17,9,0,26
2023-03-05T06:55:11,17,9,0,26
2023-03-05T07:04:24,17,9,0,26
2023-03-05T07:13:38,17,9,0,26
2023-03-05T07:22:51,17,9,0,26
2023-03-05T07:32:04,17,9,0,26
2023-03-05T07:41:20,17,9,0,26
2023-03-05T07:50:35,17,9,0,26
2023-03-05T07:59:49,17,9,0,26
2023-03-05T08:09:02,17,9,0,26
2023-03-05T08:18:15,17,9,0,26
2023-03-05T08:27:44,17,9,0,26
2023-03-05T08:36:57,17,9,0,26
2023-03-05T08:46:09,17,9,0,26
2023-03-05T08:55:22,17,9,0,26
2023-03-05T09:04:34,17,9,0,26
2023-03-05T09:13:46,17,9,0,26
2023-03-05T09:23:00,17,9,0,26
2023-03-05T09:32:15,17,9,0,26
2023-03-05T09:41:28,17,9,0,26
2023-03-05T09:50:41,17,9,0,26
2023-03-05T09:59:53,17,9,0,26
2023-03-05T10:09:06,17,9,0,26
2023-03-05T10:18:18,17,9,0,26
2023-03-05T10:27:37,17,9,0,26
2023-03-05T10:36:50,17,9,0,26
2023-03-05T10:46:02,17,9,0,26
2023-03-05T10:55:15,17,9,0,26
2023-03-05T11:04:29,17,9,0,26
2023-03-05T11:13:43,17,9,0,26
2023-03-05T11:22:55,17,9,0,26
2023-03-05T11:32:08,17,9,0,26
2023-03-05T11:41:30,17,9,0,26
2023-03-05T11:50:42,17,9,0,26
2023-03-05T11:59:55,17,9,0,26
2023-03-05T12:09:08,17,9,0,26
2023-03-05T12:18:21,17,9,0,26
2023-03-05T12:27:34,17,9,0,26
2023-03-05T12:36:46,17,9,0,26
2023-03-05T12:45:58,17,9,0,26
2023-03-05T12:55:11,17,9,0,26
2023-03-05T13:04:24,17,9,0,26
2023-03-05T13:13:43,17,9,0,26
2023-03-05T13:22:56,17,9,0,26
2023-03-05T13:32:29,17,9,0,26
2023-03-05T13:41:42,17,9,0,26
2023-03-05T13:50:55,17,9,0,26
2023-03-05T14:00:08,17,9,0,26
2023-03-05T14:09:21,17,9,0,26
2023-03-05T14:18:34,17,9,0,26
2023-03-05T14:27:47,17,9,0,26
2023-03-05T14:37:01,17,9,0,26
2023-03-05T14:46:14,17,9,0,26
2023-03-05T14:55:27,17,9,0,26
2023-03-05T15:04:40,17,9,0,26
2023-03-05T15:14:03,17,9,0,26
2023-03-05T15:23:16,17,9,0,26
2023-03-05T15:32:29,17,9,0,26
2023-03-05T15:41:43,17,9,0,26
2023-03-05T15:50:56,17,9,0,26
2023-03-05T16:00:09,17,9,0,26
2023-03-05T16:09:22,17,9,0,26
2023-03-05T16:18:42,17,9,0,26
2023-03-05T16:27:56,17,9,0,26
2023-03-05T16:37:11,17,9,0,26
2023-03-05T16:46:25,17,9,0,26
2023-03-05T16:55:57,17,9,0,26
2023-03-05T17:05:24,17,9,0,26
2023-03-05T17:14:39,17,9,0,26
2023-03-05T17:23:53,17,9,0,26
2023-03-05T17:33:07,17,9,0,26
2023-03-05T17:42:21,17,9,0,26
2023-03-05T17:51:35,17,9,0,26
2023-03-05T18:00:49,17,9,0,26
2023-03-05T18:10:02,17,9,0,26
2023-03-05T18:19:16,17,9,0,26
2023-03-05T18:28:30,17,9,0,26
2023-03-05T18:37:43,17,9,0,26
2023-03-05T18:47:07,17,9,0,26
2023-03-05T18:56:20,17,9,0,26
2023-03-05T19:05:35,17,9,0,26
2023-03-05T19:14:49,17,9,0,26
2023-03-05T19:24:02,17,9,0,26
2023-03-05T19:33:15,17,9,0,26
2023-03-05T19:42:29,17,9,0,26
2023-03-05T19:51:43,17,9,0,26
2023-03-05T20:01:02,17,9,0,26
2023-03-05T20:10:27,17,9,0,26
2023-03-05T20:19:39,17,9,0,26
2023-03-05T20:28:52,17,9,0,26
2023-03-05T20:38:06,17,9,0,26
2023-03-05T20:47:19,17,9,0,26
2023-03-05T20:56:32,17,9,0,26
2023-03-05T21:05:46,17,9,0,26
2023-03-05T21:14:59,17,9,0,26
2023-03-05T21:24:13,17,9,0,26
2023-03-05T21:33:27,17,9,0,26
2023-03-05T21:42:40,17,9,0,26
2023-03-05T21:52:12,17,9,0,26
2023-03-05T22:01:25,17,9,0,26
2023-03-05T22:10:45,17,9,0,26
2023-03-05T22:19:59,17,9,0,26
2023-03-05T22:29:12,17,9,0,26
2023-03-05T22:38:26,17,9,0,26
2023-03-05T22:47:40,17,9,0,26
2023-03-05T22:56:53,17,9,0,26
2023-03-05T23:06:07,17,9,0,26
2023-03-05T23:15:20,17,9,0,26
2023-03-05T23:24:35,17,9,0,26
2023-03-05T23:33:59,17,9,0,26
2023-03-05T23:43:13,17,9,0,26
2023-03-05T23:52:27,17,9,0,26
2023-03-06T00:02:01,17,9,0,26
2023-03-06T00:11:23,17,9,0,26
2023-03-06T00:20:40,17,9,0,26
2023-03-06T00:29:59,17,9,0,26
2023-03-06T00:39:16,17,9,0,26
2023-03-06T00:48:32,17,9,0,26
2023-03-06T00:57:52,17,9,0,26
2023-03-06T01:07:11,17,9,0,26
2023-03-06T01:16:28,17,9,0,26
2023-03-06T01:25:44,17,9,0,26
2023-03-06T01:34:59,17,9,0,26
2023-03-06T01:44:13,17,9,0,26
2023-03-06T01:53:28,17,9,0,26
2023-03-06T02:02:44,17,9,0,26
2023-03-06T02:12:11,17,9,0,26
2023-03-06T02:21:27,17,9,0,26
2023-03-06T02:30:44,17,9,0,26
2023-03-06T02:39:58,17,9,0,26
2023-03-06T02:49:13,17,9,0,26
2023-03-06T02:58:40,17,9,0,26
2023-03-06T03:07:53,17,9,0,26
2023-03-06T03:17:07,17,9,0,26
2023-03-06T03:26:20,17,9,0,26
2023-03-06T03:35:34,17,9,0,26
2023-03-06T03:44:50,17,9,0,26
2023-03-06T03:54:05,17,9,0,26
2023-03-06T04:03:22,17,9,0,26
2023-03-06T04:27:40,17,9,0,26
2023-03-06T04:36:57,17,9,0,26
2023-03-06T04:47:26,17,9,0,26
2023-03-06T04:56:59,17,9,0,26
2023-03-06T05:06:17,17,9,0,26
2023-03-06T05:15:33,17,9,0,26
2023-03-06T05:24:49,17,9,0,26
2023-03-06T05:34:05,17,9,0,26
2023-03-06T05:43:22,17,9,0,26
2023-03-06T05:52:45,17,9,0,26
2023-03-06T06:02:01,17,9,0,26
2023-03-06T06:11:19,17,9,0,26
2023-03-06T06:20:34,17,9,0,26
2023-03-06T06:29:50,17,9,0,26
2023-03-06T06:39:04,17,9,0,26
2023-03-06T06:48:18,17,9,0,26
2023-03-06T06:57:33,17,9,0,26
2023-03-06T07:06:51,17,9,0,26
2023-03-06T07:16:11,17,9,0,26
2023-03-06T07:25:25,17,9,0,26
2023-03-06T07:34:39,17,9,0,26
2023-03-06T07:43:53,17,9,0,26
2023-03-06T07:53:08,17,9,0,26
2023-03-06T08:02:23,17,9,0,26
2023-03-06T08:11:36,17,9,0,26
2023-03-06T08:20:50,17,9,0,26
2023-03-06T08:30:06,17,9,0,26
2023-03-06T08:39:20,17,9,0,26
2023-03-06T08:48:41,17,9,0,26
2023-03-06T08:57:55,17,9,0,26
2023-03-06T09:07:10,17,9,0,26
2023-03-06T09:16:26,17,9,0,26
2023-03-06T09:25:41,17,9,0,26
2023-03-06T09:34:57,17,9,0,26
2023-03-06T09:44:21,17,9,0,26
2023-03-06T09:53:37,17,9,0,26
2023-03-06T10:02:53,17,9,0,26
2023-03-06T10:12:15,17,9,0,26
2023-03-06T10:21:32,17,9,0,26
2023-03-06T10:30:48,17,9,0,26
2023-03-06T10:40:04,17,9,0,26
2023-03-06T10:49:21,17,9,0,26
2023-03-06T10:58:38,17,9,0,26
2023-03-06T11:08:04,17,9,0,26
2023-03-06T11:17:26,17,9,0,26
2023-03-06T11:26:41,17,9,0,26
2023-03-06T11:35:55,17,9,0,26
2023-03-06T11:45:11,17,9,0,26
2023-03-06T11:54:25,17,9,0,26
2023-03-06T12:03:40,17,9,0,26
2023-03-06T12:12:54,17,9,0,26
2023-03-06T12:22:11,17,9,0,26
2023-03-06T12:31:24,17,9,0,26
2023-03-06T12:40:50,17,9,0,26
2023-03-06T12:50:04,17,9,0,26
2023-03-06T12:59:18,17,9,0,26
2023-03-06T13:08:32,17,9,0,26
2023-03-06T13:17:47,17,9,0,26
2023-03-06T13:27:03,17,9,0,26
2023-03-06T13:36:20,17,9,0,26
2023-03-06T13:45:35,17,9,0,26
2023-03-06T13:54:59,17,9,0,26
2023-03-06T14:13:08,17,9,0,26
2023-03-06T14:22:56,17,9,0,26
2023-03-06T14:32:14,17,9,0,26
2023-03-06T14:41:28,17,9,0,26
2023-03-06T14:50:42,17,9,0,26
2023-03-06T14:59:55,17,9,0,26
2023-03-06T15:09:10,17,9,0,26
2023-03-06T15:18:24,17,9,0,26
2023-03-06T15:27:38,17,9,0,26
2023-03-06T15:36:51,17,9,0,26
2023-03-06T15:46:10,17,9,0,26
2023-03-06T15:55:23,17,9,0,26
2023-03-06T16:04:47,17,9,0,26
2023-03-06T16:14:00,17,9,0,26
2023-03-06T16:23:12,17,9,0,26
2023-03-06T16:32:25,17,9,0,26
2023-03-06T16:41:38,17,9,0,26
2023-03-06T16:50:50,17,9,0,26
2023-03-06T17:00:02,17,9,0,26
2023-03-06T17:09:15,17,9,0,26
2023-03-06T17:18:27,17,9,0,26
2023-03-06T17:27:49,17,9,0,26
2023-03-06T17:37:01,17,9,0,26
2023-03-06T17:46:13,17,9,0,26
2023-03-06T17:55:25,17,9,0,26
2023-03-06T18:04:37,17,9,0,26
2023-03-06T18:13:49,17,9,0,26
2023-03-06T18:23:01,17,9,0,26
2023-03-06T18:32:13,17,9,0,26
2023-03-06T18:41:24,17,9,0,26
2023-03-06T18:50:35,17,9,0,26
2023-03-06T18:59:47,17,9,0,26
2023-03-06T19:09:09,17,9,0,26
2023-03-06T19:18:20,17,9,0,26
2023-03-06T19:27:32,17,9,0,26
2023-03-06T19:36:44,17,9,0,26
2023-03-06T19:45:56,17,9,0,26
2023-03-06T19:55:07,17,9,0,26
2023-03-06T20:04:19,17,9,0,26
2023-03-06T20:13:31,17,9,0,26
2023-03-06T20:22:41,17,9,0,26
2023-03-06T20:31:52,17,9,0,26
2023-03-06T20:41:03,17,9,0,26
2023-03-06T20:50:24,17,9,0,26
2023-03-06T20:59:35,17,9,0,26
2023-03-06T21:08:46,17,9,0,26
2023-03-06T21:17:57,17,9,0,26
2023-03-06T21:27:08,17,9,0,26
2023-03-06T21:36:20,17,9,0,26
2023-03-06T21:45:31,17,9,0,26
2023-03-06T21:54:42,17,9,0,26
2023-03-06T22:03:53,17,9,0,26
2023-03-06T22:13:04,17,9,0,26
2023-03-06T22:22:15,17,9,0,26
2023-03-06T22:31:27,17,9,0,26
2023-03-06T22:40:38,17,9,0,26
2023-03-06T22:49:49,17,9,0,26
2023-03-06T22:59:00,17,9,0,26
2023-03-06T23:08:12,17,9,0,26
2023-03-06T23:17:35,17,9,0,26
2023-03-06T23:26:46,17,9,0,26
2023-03-06T23:35:58,17,9,0,26
2023-03-06T23:45:08,17,9,0,26
2023-03-06T23:54:19,17,9,0,26
2023-03-07T00:03:32,17,9,0,26
2023-03-07T00:12:46,17,9,0,26
2023-03-07T00:21:59,17,9,0,26
2023-03-07T00:31:12,17,9,0,26
2023-03-07T00:40:25,17,9,0,26
2023-03-07T00:49:38,17,9,0,26
2023-03-07T00:58:52,17,9,0,26
2023-03-07T01:08:05,17,9,0,26
2023-03-07T01:17:17,17,9,0,26
2023-03-07T01:26:30,17,9,0,26
2023-03-07T01:35:42,17,9,0,26
2023-03-07T01:44:54,17,9,0,26
2023-03-07T01:54:06,17,9,0,26
2023-03-07T02:03:18,17,9,0,26
2023-03-07T02:12:30,17,9,0,26
2023-03-07T02:21:41,17,9,0,26
2023-03-07T02:30:53,17,9,0,26
2023-03-07T02:40:05,17,9,0,26
2023-03-07T02:49:16,17,9,0,26
2023-03-07T02:58:27,17,9,0,26
2023-03-07T03:07:38,17,9,0,26
2023-03-07T03:16:48,17,9,0,26
2023-03-07T03:25:58,17,9,0,26
2023-03-07T03:35:10,17,9,0,26
2023-03-07T03:44:22,17,9,0,26
2023-03-07T03:53:35,17,9,0,26
2023-03-07T04:02:49,17,9,0,26
2023-03-07T04:12:16,17,9,0,26
2023-03-07T04:28:47,17,9,0,26
2023-03-07T04:38:04,17,9,0,26
2023-03-07T04:48:32,17,9,0,26
2023-03-07T04:58:04,17,9,0,26
2023-03-07T05:07:18,17,9,0,26
2023-03-07T05:16:35,17,9,0,26
2023-03-07T05:25:53,17,9,0,26
2023-03-07T05:35:16,17,9,0,26
2023-03-07T05:44:34,17,9,0,26
2023-03-07T05:53:50,17,9,0,26
2023-03-07T06:03:06,17,9,0,26
2023-03-07T06:12:23,17,9,0,26
2023-03-07T06:21:39,17,9,0,26
2023-03-07T06:30:54,17,9,0,26
2023-03-07T06:40:12,17,9,0,26
2023-03-07T06:49:27,17,9,0,26
2023-03-07T06:58:46,17,9,0,26
2023-03-07T07:08:03,17,9,0,26
2023-03-07T07:17:19,17,9,0,26
2023-03-07T07:26:34,17,9,0,26
2023-03-07T07:35:52,17,9,0,26
2023-03-07T07:45:11,17,9,0,26
2023-03-07T07:54:28,17,9,0,26
2023-03-07T08:03:44,17,9,0,26
2023-03-07T08:13:00,17,9,0,26
2023-03-07T08:22:16,17,9,0,26
2023-03-07T08:31:33,17,9,0,26
2023-03-07T08:40:50,17,9,0,26
2023-03-07T08:50:06,17,9,0,26
2023-03-07T08:59:23,17,9,0,26
2023-03-07T09:08:39,16,10,0,26
2023-03-07T09:18:04,16,10,0,26
2023-03-07T09:27:19,16,10,0,26
2023-03-07T09:36:34,16,10,0,26
2023-03-07T09:45:50,16,10,0,26
2023-03-07T09:55:05,16,10,0,26
2023-03-07T10:04:22,16,10,0,26
2023-03-07T10:13:37,16,10,0,26
2023-03-07T10:22:53,16,10,0,26
2023-03-07T10:32:10,16,10,0,26
2023-03-07T10:41:28,16,10,0,26
2023-03-07T10:50:44,17,9,0,26
2023-03-07T11:00:17,17,9,0,26
2023-03-07T11:09:35,17,9,0,26
2023-03-07T11:18:53,17,9,0,26
2023-03-07T11:28:11,18,8,0,26
2023-03-07T11:37:34,18,8,0,26
2023-03-07T11:46:51,18,8,0,26
2023-03-07T11:56:11,18,8,0,26
2023-03-07T12:05:28,18,8,0,26
2023-03-07T12:14:58,18,8,0,26
2023-03-07T12:24:15,18,8,0,26
2023-03-07T12:33:33,18,8,0,26
2023-03-07T12:42:50,18,8,0,26
2023-03-07T12:52:08,18,8,0,26
2023-03-07T13:01:26,18,8,0,26
2023-03-07T13:10:44,18,8,0,26
2023-03-07T13:20:02,18,8,0,26
2023-03-07T13:29:30,18,8,0,26
2023-03-07T13:38:49,18,8,0,26
2023-03-07T13:48:06,18,8,0,26
2023-03-07T13:57:24,18,8,0,26
2023-03-07T14:06:43,18,8,0,26
2023-03-07T14:16:01,19,7,0,26
2023-03-07T14:25:20,19,7,0,26
2023-03-07T14:34:39,19,7,0,26
2023-03-07T14:44:11,19,7,0,26
2023-03-07T14:53:30,19,7,0,26
2023-03-07T15:02:47,19,7,0,26
2023-03-07T15:12:05,19,7,0,26
2023-03-07T15:21:22,19,7,0,26
2023-03-07T15:30:40,19,7,0,26
2023-03-07T15:39:59,19,7,0,26
2023-03-07T15:49:27,19,7,0,26
2023-03-07T15:58:44,19,7,0,26
2023-03-07T16:08:01,19,7,0,26
2023-03-07T16:17:18,19,7,0,26
2023-03-07T16:26:34,19,7,0,26
2023-03-07T16:35:51,19,7,0,26
2023-03-07T16:45:07,19,7,0,26
2023-03-07T16:54:23,19,7,0,26
2023-03-07T17:03:50,19,7,0,26
2023-03-07T17:13:09,19,7,0,26
2023-03-07T17:22:25,19,7,0,26
2023-03-07T17:31:41,19,7,0,26
2023-03-07T17:40:57,19,7,0,26
2023-03-07T17:50:15,19,7,0,26
2023-03-07T17:59:35,19,7,0,26
2023-03-07T18:08:54,19,7,0,26
2023-03-07T18:18:14,19,7,0,26
2023-03-07T18:27:32,19,7,0,26
2023-03-07T18:36:52,19,7,0,26
2023-03-07T18:46:20,19,7,0,26
2023-03-07T18:55:38,19,7,0,26
2023-03-07T19:04:55,19,7,0,26
2023-03-07T19:14:13,19,7,0,26
2023-03-07T19:23:30,19,7,0,26
2023-03-07T19:32:48,19,7,0,26
2023-03-07T19:42:04,19,7,0,26
2023-03-07T19:51:20,19,7,0,26
2023-03-07T20:00:35,19,7,0,26
2023-03-08T00:33:11,19,7,0,26
2023-03-08T00:42:29,19,7,0,26
2023-03-08T00:51:49,19,7,0,26
2023-03-08T01:01:08,19,7,0,26
2023-03-08T01:10:28,19,7,0,26
2023-03-08T01:19:53,19,7,0,26
2023-03-08T01:29:08,19,7,0,26
2023-03-08T01:38:23,19,7,0,26
2023-03-08T01:50:47,19,7,0,26
2023-03-08T02:00:28,19,7,0,26
2023-03-08T02:09:46,19,7,0,26
2023-03-08T02:19:01,19,7,0,26
2023-03-08T02:28:16,19,7,0,26
2023-03-08T02:37:34,19,7,0,26
2023-03-08T02:46:51,19,7,0,26
2023-03-08T02:56:07,19,7,0,26
2023-03-08T03:05:24,19,7,0,26
2023-03-08T03:14:41,19,7,0,26
2023-03-08T03:23:58,19,7,0,26
2023-03-08T03:33:14,19,7,0,26
2023-03-08T03:42:30,19,7,0,26
2023-03-08T03:51:45,19,7,0,26
2023-03-08T04:01:01,19,7,0,26
2023-03-08T04:10:16,19,7,0,26
2023-03-08T04:27:18,19,7,0,26
2023-03-08T04:36:35,19,7,0,26
2023-03-08T04:47:02,19,7,0,26
2023-03-08T04:56:34,19,7,0,26
2023-03-08T05:05:51,19,7,0,26
2023-03-08T05:15:08,19,7,0,26
2023-03-08T05:24:23,19,7,0,26
2023-03-08T05:33:41,19,7,0,26
2023-03-08T05:42:58,19,7,0,26
2023-03-08T05:52:18,19,7,0,26
2023-03-08T06:01:35,19,7,0,26
2023-03-08T06:10:53,19,7,0,26
2023-03-08T06:20:09,19,7,0,26
2023-03-08T06:29:24,19,7,0,26
2023-03-08T06:38:40,19,7,0,26
2023-03-08T06:47:56,19,7,0,26
2023-03-08T06:57:14,19,7,0,26
2023-03-08T07:06:31,19,7,0,26
2023-03-08T07:15:48,19,7,0,26
2023-03-08T07:25:05,19,7,0,26
2023-03-08T07:34:22,19,7,0,26
2023-03-08T07:43:43,19,7,0,26
2023-03-08T07:53:00,19,7,0,26
2023-03-08T08:02:16,19,7,0,26
2023-03-08T08:11:31,19,7,0,26
2023-03-08T08:20:46,19,7,0,26
2023-03-08T08:30:03,19,7,0,26
2023-03-08T08:39:18,19,7,0,26
2023-03-08T08:48:34,19,7,0,26
2023-03-08T08:57:53,19,7,0,26
2023-03-08T09:07:11,19,7,0,26
2023-03-08T09:16:27,19,7,0,26
2023-03-08T09:25:43,19,7,0,26
2023-03-08T09:34:59,19,7,0,26
2023-03-08T09:44:18,19,7,0,26
2023-03-08T09:53:34,19,7,0,26
2023-03-08T10:02:52,20,6,0,26
2023-03-08T10:12:19,20,6,0,26
2023-03-08T10:21:36,20,6,0,26
2023-03-08T10:31:03,20,6,0,26
2023-03-08T10:40:21,20,6,0,26
2023-03-08T10:49:39,20,6,0,26
2023-03-08T10:58:57,20,6,0,26
2023-03-08T11:08:15,20,6,0,26
2023-03-08T11:17:33,20,6,0,26
2023-03-08T11:26:51,20,6,0,26
2023-03-08T11:36:09,20,6,0,26
2023-03-08T11:45:36,20,6,0,26
2023-03-08T11:54:53,20,6,0,26
2023-03-08T12:04:11,20,6,0,26
2023-03-08T12:13:29,20,6,0,26
2023-03-08T12:22:47,20,6,0,26
2023-03-08T12:32:04,20,6,0,26
2023-03-08T12:41:21,20,6,0,26
2023-03-08T12:50:38,20,6,0,26
2023-03-08T12:59:56,20,6,0,26
2023-03-08T13:09:14,20,6,0,26
2023-03-08T13:18:43,20,6,0,26
2023-03-08T13:28:00,20,6,0,26
2023-03-08T13:37:17,20,6,0,26
2023-03-08T13:46:35,20,6,0,26
2023-03-08T13:55:52,20,6,0,26
2023-03-08T14:05:12,20,6,0,26
2023-03-08T14:14:30,20,6,0,26
2023-03-08T14:23:48,20,6,0,26
2023-03-08T14:33:05,20,6,0,26
2023-03-08T14:42:33,20,6,0,26
2023-03-08T14:51:50,20,6,0,26
2023-03-08T15:01:08,20,6,0,26
2023-03-08T15:10:25,20,6,0,26
2023-03-08T15:19:43,20,6,0,26
2023-03-08T15:29:00,20,6,0,26
2023-03-08T15:38:18,20,6,0,26
2023-03-08T15:47:36,20,6,0,26
2023-03-08T15:56:54,20,6,0,26
2023-03-08T16:06:12,20,6,0,26
2023-03-08T16:15:30,20,6,0,26
2023-03-08T16:24:58,20,6,0,26
2023-03-08T16:34:16,20,6,0,26
2023-03-08T16:44:00,20,6,0,26
2023-03-08T16:53:20,20,6,0,26
2023-03-08T17:02:38,20,6,0,26
2023-03-08T17:11:56,20,6,0,26
2023-03-08T17:21:14,20,6,0,26
2023-03-08T17:30:30,20,6,0,26
2023-03-08T17:39:47,20,6,0,26
2023-03-08T17:49:03,20,6,0,26
2023-03-08T17:58:20,20,6,0,26
2023-03-08T18:07:47,20,6,0,26
2023-03-08T18:17:03,20,6,0,26
2023-03-08T18:26:20,20,6,0,26
2023-03-08T18:35:36,20,6,0,26
2023-03-08T18:44:53,20,6,0,26
2023-03-08T18:54:09,20,6,0,26
2023-03-08T19:03:26,20,6,0,26
2023-03-08T19:12:42,20,6,0,26
2023-03-08T19:21:58,20,6,0,26
2023-03-08T19:31:14,20,6,0,26
2023-03-08T19:40:30,20,6,0,26
2023-03-08T19:49:46,20,6,0,26
2023-03-08T19:59:02,20,6,0,26
2023-03-08T20:08:19,20,6,0,26
2023-03-08T20:17:44,20,6,0,26
2023-03-08T20:27:00,20,6,0,26
2023-03-08T20:36:16,20,6,0,26
2023-03-08T20:45:32,20,6,0,26
2023-03-08T20:54:47,20,6,0,26
2023-03-08T21:04:04,20,6,0,26
2023-03-08T21:13:19,20,6,0,26
2023-03-08T21:22:35,20,6,0,26
2023-03-08T21:31:50,20,6,0,26
2023-03-08T21:41:06,20,6,0,26
2023-03-08T21:50:21,20,6,0,26
2023-03-08T21:59:36,20,6,0,26
2023-03-08T22:08:52,20,6,0,26
2023-03-08T22:18:09,20,6,0,26
2023-03-08T22:27:25,20,6,0,26
2023-03-08T22:36:42,20,6,0,26
2023-03-08T22:45:58,20,6,0,26
2023-03-08T22:55:24,20,6,0,26
2023-03-08T23:04:40,20,6,0,26
2023-03-08T23:13:56,20,6,0,26
2023-03-08T23:23:12,20,6,0,26
2023-03-08T23:32:28,20,6,0,26
2023-03-08T23:41:43,20,6,0,26
2023-03-08T23:50:59,20,6,0,26
2023-03-09T00:00:14,20,6,0,26
2023-03-09T00:09:31,20,6,0,26
2023-03-09T00:18:50,20,6,0,26
2023-03-09T00:28:07,20,6,0,26
2023-03-09T00:37:24,20,6,0,26
2023-03-09T00:46:42,20,6,0,26
2023-03-09T00:56:01,20,6,0,26
2023-03-09T01:05:22,20,6,0,26
2023-03-09T01:14:40,20,6,0,26
2023-03-09T01:23:58,20,6,0,26
2023-03-09T01:33:15,20,6,0,26
2023-03-09T01:42:32,20,6,0,26
2023-03-09T01:51:47,20,6,0,26
2023-03-09T02:01:03,20,6,0,26
2023-03-09T02:10:19,20,6,0,26
2023-03-09T02:19:36,20,6,0,26
2023-03-09T02:28:51,20,6,0,26
2023-03-09T02:38:08,20,6,0,26
2023-03-09T02:47:22,20,6,0,26
2023-03-09T02:56:36,20,6,0,26
2023-03-09T03:05:51,20,6,0,26
2023-03-09T03:15:09,20,6,0,26
2023-03-09T03:24:28,20,6,0,26
2023-03-09T03:33:47,20,6,0,26
2023-03-09T03:43:04,20,6,0,26
2023-03-09T03:52:21,20,6,0,26
2023-03-09T04:01:37,20,6,0,26
2023-03-09T04:19:20,20,6,0,26
2023-03-09T04:28:55,20,6,0,26
2023-03-09T04:38:15,20,6,0,26
2023-03-09T04:47:33,20,6,0,26
2023-03-09T04:56:51,20,6,0,26
2023-03-09T05:06:09,20,6,0,26
2023-03-09T05:15:27,20,6,0,26
2023-03-09T05:24:45,20,6,0,26
2023-03-09T05:34:03,20,6,0,26
2023-03-09T05:43:22,20,6,0,26
2023-03-09T05:52:40,20,6,0,26
2023-03-09T06:02:00,20,6,0,26
2023-03-09T06:11:18,20,6,0,26
2023-03-09T06:20:35,20,6,0,26
2023-03-09T06:29:52,20,6,0,26
2023-03-09T06:39:09,20,6,0,26
2023-03-09T06:48:26,20,6,0,26
2023-03-09T06:57:44,20,6,0,26
2023-03-09T07:07:05,20,6,0,26
2023-03-09T07:16:22,20,6,0,26
2023-03-09T07:25:38,20,6,0,26
2023-03-09T07:34:57,20,6,0,26
2023-03-09T07:44:14,20,6,0,26
2023-03-09T07:53:32,20,6,0,26
2023-03-09T08:02:53,20,6,0,26
2023-03-09T08:12:09,20,6,0,26
2023-03-09T08:21:27,20,6,0,26
2023-03-09T08:30:44,20,6,0,26
2023-03-09T08:39:59,20,6,0,26
2023-03-09T08:49:15,20,6,0,26
2023-03-09T08:58:32,20,6,0,26
2023-03-09T09:07:49,20,6,0,26
2023-03-09T09:17:07,21,5,0,26
2023-03-09T09:26:24,21,5,0,26
2023-03-09T09:35:42,21,5,0,26
2023-03-09T09:44:59,21,5,0,26
2023-03-09T09:54:16,21,5,0,26
2023-03-09T10:03:35,21,5,0,26
2023-03-09T10:13:02,21,5,0,26
2023-03-09T10:22:20,21,5,0,26
2023-03-09T10:31:37,21,5,0,26
2023-03-09T10:40:54,21,5,0,26
2023-03-09T10:50:12,21,5,0,26
2023-03-09T10:59:30,21,5,0,26
2023-03-09T11:08:48,21,5,0,26
2023-03-09T11:18:06,21,5,0,26
2023-03-09T11:27:25,21,5,0,26
2023-03-09T11:36:54,21,5,0,26
2023-03-09T11:46:11,21,5,0,26
2023-03-09T11:55:29,21,5,0,26
2023-03-09T12:04:46,21,5,0,26
2023-03-09T12:14:03,20,6,0,26
2023-03-09T12:23:21,20,6,0,26
2023-03-09T12:32:38,20,6,0,26
2023-03-09T12:41:55,20,6,0,26
2023-03-09T12:51:13,20,6,0,26
2023-03-09T13:00:41,20,6,0,26
2023-03-09T13:09:58,20,6,0,26
2023-03-09T13:19:16,20,6,0,26
2023-03-09T13:28:34,20,6,0,26
2023-03-09T13:37:53,20,6,0,26
2023-03-09T13:47:10,19,7,0,26
2023-03-09T13:56:28,19,7,0,26
2023-03-09T14:05:47,19,7,0,26
2023-03-09T14:15:05,19,7,0,26
2023-03-09T14:24:24,19,7,0,26
2023-03-09T14:33:44,19,7,0,26
2023-03-09T14:43:01,19,7,0,26
2023-03-09T14:52:19,19,7,0,26
2023-03-09T15:01:48,19,7,0,26
2023-03-09T15:11:06,19,7,0,26
2023-03-09T15:20:24,19,7,0,26
2023-03-09T15:29:41,19,7,0,26
2023-03-09T15:38:59,19,7,0,26
2023-03-09T15:48:17,19,7,0,26
2023-03-09T15:57:35,20,6,0,26
2023-03-09T16:06:52,20,6,0,26
2023-03-09T16:16:18,20,6,0,26
2023-03-09T16:25:35,20,6,0,26
2023-03-09T16:34:51,20,6,0,26
2023-03-09T16:44:08,20,6,0,26
2023-03-09T16:53:24,20,6,0,26
2023-03-09T17:02:40,20,6,0,26
2023-03-09T17:11:58,20,6,0,26
2023-03-09T17:21:15,20,6,0,26
2023-03-09T17:30:32,20,6,0,26
2023-03-09T17:39:48,21,5,0,26
2023-03-09T17:49:05,21,5,0,26
2023-03-09T17:58:21,21,5,0,26
2023-03-09T18:07:36,21,5,0,26
2023-03-09T18:16:52,21,5,0,26
2023-03-09T18:26:18,21,5,0,26
2023-03-09T18:35:34,21,5,0,26
2023-03-09T18:44:49,21,5,0,26
2023-03-09T18:54:05,21,5,0,26
2023-03-09T19:03:21,21,5,0,26
2023-03-09T19:12:38,21,5,0,26
2023-03-09T19:21:54,21,5,0,26
2023-03-09T19:31:10,21,5,0,26
2023-03-09T19:40:26,21,5,0,26
2023-03-09T19:49:41,21,5,0,26
2023-03-09T19:58:57,21,5,0,26
2023-03-09T20:08:13,21,5,0,26
2023-03-09T20:17:29,21,5,0,26
2023-03-09T20:26:45,21,5,0,26
2023-03-09T20:36:00,21,5,0,26
2023-03-09T20:45:16,21,5,0,26
2023-03-09T20:54:42,21,5,0,26
2023-03-09T21:03:57,21,5,0,26
2023-03-09T21:13:13,21,5,0,26
2023-03-09T21:22:28,21,5,0,26
2023-03-09T21:31:43,21,5,0,26
2023-03-09T21:40:59,21,5,0,26
2023-03-09T21:50:14,21,5,0,26
2023-03-09T21:59:30,21,5,0,26
2023-03-09T22:08:46,21,5,0,26
2023-03-09T22:18:02,21,5,0,26
2023-03-09T22:27:18,21,5,0,26
2023-03-09T22:36:35,21,5,0,26
2023-03-09T22:45:51,21,5,0,26
2023-03-09T22:55:06,21,5,0,26
2023-03-09T23:04:21,21,5,0,26
2023-03-09T23:13:38,21,5,0,26
2023-03-09T23:22:54,21,5,0,26
2023-03-09T23:32:12,21,5,0,26
2023-03-09T23:41:33,21,5,0,26
2023-03-09T23:50:59,21,5,0,26
2023-03-10T00:00:36,21,5,0,26
2023-03-10T00:10:04,21,5,0,26
2023-03-10T00:19:37,21,5,0,26
2023-03-10T00:29:07,21,5,0,26
2023-03-10T00:38:42,21,5,0,26
2023-03-10T00:48:14,21,5,0,26
2023-03-10T00:57:46,21,5,0,26
2023-03-10T01:07:25,21,5,0,26
2023-03-10T01:17:02,21,5,0,26
2023-03-10T01:26:30,21,5,0,26
2023-03-10T01:35:53,21,5,0,26
2023-03-10T01:45:10,21,5,0,26
2023-03-10T01:54:36,21,5,0,26
2023-03-10T02:04:03,21,5,0,26
2023-03-10T02:13:31,21,5,0,26
2023-03-10T02:22:56,21,5,0,26
2023-03-10T02:32:24,21,5,0,26
2023-03-10T02:41:53,21,5,0,26
2023-03-10T02:51:23,21,5,0,26
2023-03-10T03:00:53,21,5,0,26
2023-03-10T03:10:25,21,5,0,26
2023-03-10T03:19:55,21,5,0,26
2023-03-10T03:29:20,21,5,0,26
2023-03-10T03:38:45,21,5,0,26
2023-03-10T03:48:09,21,5,0,26
2023-03-10T03:57:26,21,5,0,26
2023-03-10T04:06:43,21,5,0,26
2023-03-10T04:32:19,21,5,0,26
2023-03-10T04:41:38,21,5,0,26
2023-03-10T04:50:56,21,5,0,26
2023-03-10T05:00:13,21,5,0,26
2023-03-10T05:09:32,21,5,0,26
2023-03-10T05:20:13,21,5,0,26
2023-03-10T05:29:32,21,5,0,26
2023-03-10T05:38:52,21,5,0,26
2023-03-10T05:48:12,21,5,0,26
2023-03-10T05:57:30,21,5,0,26
2023-03-10T06:06:48,21,5,0,26
2023-03-10T06:16:05,21,5,0,26
2023-03-10T06:25:22,21,5,0,26
2023-03-10T06:34:39,21,5,0,26
2023-03-10T06:43:57,21,5,0,26
2023-03-10T06:53:15,21,5,0,26
2023-03-10T07:02:34,21,5,0,26
2023-03-10T07:11:51,21,5,0,26
2023-03-10T07:21:08,21,5,0,26
2023-03-10T07:30:25,21,5,0,26
2023-03-10T07:39:44,21,5,0,26
2023-03-10T07:49:05,21,5,0,26
2023-03-10T07:58:21,21,5,0,26
2023-03-10T08:07:37,21,5,0,26
2023-03-10T08:16:54,21,5,0,26
2023-03-10T08:26:10,21,5,0,26
2023-03-10T08:35:26,21,5,0,26
2023-03-10T08:44:43,21,5,0,26
2023-03-10T08:53:59,21,5,0,26
2023-03-10T09:03:17,21,5,0,26
2023-03-10T09:12:33,21,5,0,26
2023-03-10T09:21:50,21,5,0,26
2023-03-10T09:31:06,21,5,0,26
2023-03-10T09:40:23,21,5,0,26
2023-03-10T09:49:40,21,5,0,26
2023-03-10T09:58:57,21,5,0,26
2023-03-10T10:08:13,21,5,0,26
2023-03-10T10:17:33,21,5,0,26
2023-03-10T10:26:50,21,5,0,26
2023-03-10T10:36:07,21,5,0,26
2023-03-10T10:45:25,21,5,0,26
2023-03-10T10:54:42,21,5,0,26
2023-03-10T11:04:12,21,5,0,26
2023-03-10T11:13:30,21,5,0,26
2023-03-10T11:22:48,21,5,0,26
2023-03-10T11:32:07,21,5,0,26
2023-03-10T11:41:26,21,5,0,26
2023-03-10T11:50:45,21,5,0,26
2023-03-10T12:00:03,21,5,0,26
2023-03-10T12:09:21,21,5,0,26
2023-03-10T12:18:39,21,5,0,26
2023-03-10T12:27:57,21,5,0,26
2023-03-10T12:37:15,21,5,0,26
2023-03-10T12:46:32,21,5,0,26
2023-03-10T12:55:50,21,5,0,26
2023-03-10T13:05:09,21,5,0,26
2023-03-10T13:14:26,21,5,0,26
2023-03-10T13:23:57,21,5,0,26
2023-03-10T13:33:14,21,5,0,26
2023-03-10T13:42:33,21,5,0,26
2023-03-10T13:51:50,21,5,0,26
2023-03-10T14:01:07,21,5,0,26
2023-03-10T14:10:25,21,5,0,26
2023-03-10T14:19:42,21,5,0,26
2023-03-10T14:29:00,21,5,0,26
2023-03-10T14:38:19,21,5,0,26
2023-03-10T14:47:37,21,5,0,26
2023-03-10T14:56:55,21,5,0,26
2023-03-10T15:06:12,21,5,0,26
2023-03-10T15:15:30,21,5,0,26
2023-03-10T15:24:48,21,5,0,26
2023-03-10T15:34:16,21,5,0,26
2023-03-10T15:43:34,21,5,0,26
2023-03-10T15:52:51,21,5,0,26
2023-03-10T16:02:09,21,5,0,26
2023-03-10T16:11:27,21,5,0,26
2023-03-10T16:20:44,21,5,0,26
2023-03-10T16:30:00,21,5,0,26
2023-03-10T16:39:17,21,5,0,26
2023-03-10T16:48:33,21,5,0,26
2023-03-10T16:57:50,20,6,0,26
2023-03-10T17:07:07,20,6,0,26
2023-03-10T17:16:24,20,6,0,26
2023-03-10T17:25:40,20,6,0,26
2023-03-10T17:34:58,20,6,0,26
2023-03-10T17:44:23,20,6,0,26
2023-03-10T17:53:40,20,6,0,26
2023-03-10T18:02:56,20,6,0,26
2023-03-10T18:12:12,20,6,0,26
2023-03-10T18:21:28,20,6,0,26
2023-03-10T18:30:43,20,6,0,26
2023-03-10T18:39:58,20,6,0,26
2023-03-10T18:49:14,20,6,0,26
2023-03-10T18:58:29,20,6,0,26
2023-03-10T19:07:45,20,6,0,26
2023-03-10T19:17:00,20,6,0,26
2023-03-10T19:26:15,20,6,0,26
2023-03-10T19:35:31,20,6,0,26
2023-03-10T19:44:46,20,6,0,26
2023-03-10T19:54:01,20,6,0,26
2023-03-10T20:03:16,20,6,0,26
2023-03-10T20:12:32,20,6,0,26
2023-03-10T20:21:48,20,6,0,26
2023-03-10T20:31:03,20,6,0,26
2023-03-10T20:40:28,20,6,0,26
2023-03-10T20:49:43,20,6,0,26
2023-03-10T20:58:59,20,6,0,26
2023-03-10T21:08:14,20,6,0,26
2023-03-10T21:17:29,20,6,0,26
2023-03-10T21:26:44,20,6,0,26
2023-03-10T21:35:59,20,6,0,26
2023-03-10T21:45:15,20,6,0,26
2023-03-10T21:54:30,20,6,0,26
2023-03-10T22:03:45,20,6,0,26
2023-03-10T22:13:01,20,6,0,26
2023-03-10T22:22:16,20,6,0,26
2023-03-10T22:31:32,20,6,0,26
2023-03-10T22:40:48,20,6,0,26
2023-03-10T22:50:03,20,6,0,26
2023-03-10T22:59:19,20,6,0,26
2023-03-10T23:08:35,20,6,0,26
2023-03-10T23:17:51,20,6,0,26
2023-03-10T23:27:06,20,6,0,26
2023-03-10T23:36:22,20,6,0,26
2023-03-10T23:45:38,20,6,0,26
2023-03-10T23:54:53,20,6,0,26
2023-03-11T00:04:10,20,6,0,26
2023-03-11T00:13:27,20,6,0,26
2023-03-11T00:22:46,20,6,0,26
2023-03-11T00:32:02,20,6,0,26
2023-03-11T00:41:22,20,6,0,26
2023-03-11T00:50:49,20,6,0,26
2023-03-11T01:00:07,20,6,0,26
2023-03-11T01:09:26,20,6,0,26
2023-03-11T01:18:44,20,6,0,26
2023-03-11T01:28:03,20,6,0,26
2023-03-11T01:37:21,20,6,0,26
2023-03-11T01:46:39,20,6,0,26
2023-03-11T01:55:55,20,6,0,26
2023-03-11T02:05:11,20,6,0,26
2023-03-11T02:14:26,20,6,0,26
2023-03-11T02:23:41,20,6,0,26
2023-03-11T02:32:56,20,6,0,26
2023-03-11T02:42:12,20,6,0,26
2023-03-11T02:51:28,20,6,0,26
2023-03-11T03:00:43,20,6,0,26
2023-03-11T03:10:01,20,6,0,26
2023-03-11T03:19:19,20,6,0,26
2023-03-11T03:28:36,20,6,0,26
2023-03-11T03:37:53,20,6,0,26
2023-03-11T03:47:10,20,6,0,26
2023-03-11T03:56:27,20,6,0,26
2023-03-11T04:05:44,20,6,0,26
2023-03-11T04:22:47,20,6,0,26
2023-03-11T04:32:07,20,6,0,26
2023-03-11T04:42:44,20,6,0,26
2023-03-11T04:52:21,20,6,0,26
2023-03-11T05:02:48,20,6,0,26
2023-03-11T05:12:06,20,6,0,26
2023-03-11T05:21:25,20,6,0,26
2023-03-11T05:30:43,20,6,0,26
2023-03-11T05:40:01,20,6,0,26
2023-03-11T05:49:19,20,6,0,26
2023-03-11T05:58:37,20,6,0,26
2023-03-11T06:07:55,20,6,0,26
2023-03-11T06:17:16,20,6,0,26
2023-03-11T06:26:33,20,6,0,26
2023-03-11T06:35:50,20,6,0,26
2023-03-11T06:45:07,20,6,0,26
2023-03-11T06:54:24,20,6,0,26
2023-03-11T07:03:44,20,6,0,26
2023-03-11T07:13:01,20,6,0,26
2023-03-11T07:22:19,20,6,0,26
2023-03-11T07:31:38,20,6,0,26
2023-03-11T07:40:55,20,6,0,26
2023-03-11T07:50:15,20,6,0,26
2023-03-11T07:59:31,20,6,0,26
2023-03-11T08:08:49,20,6,0,26
2023-03-11T08:18:05,20,6,0,26
2023-03-11T08:27:22,20,6,0,26
2023-03-11T08:36:39,20,6,0,26
2023-03-11T08:45:56,20,6,0,26
2023-03-11T08:55:13,20,6,0,26
2023-03-11T09:04:31,20,6,0,26
2023-03-11T09:13:48,20,6,0,26
2023-03-11T09:23:05,20,6,0,26
2023-03-11T09:32:22,20,6,0,26
2023-03-11T09:41:39,20,6,0,26
2023-03-11T09:50:55,20,6,0,26
2023-03-11T10:00:12,20,6,0,26
2023-03-11T10:09:28,20,6,0,26
2023-03-11T10:18:44,20,6,0,26
2023-03-11T10:28:00,20,6,0,26
2023-03-11T10:37:16,20,6,0,26
2023-03-11T10:46:32,20,6,0,26
2023-03-11T10:55:48,20,6,0,26
2023-03-11T11:05:04,20,6,0,26
2023-03-11T11:14:21,20,6,0,26
2023-03-11T11:23:37,20,6,0,26
2023-03-11T11:32:52,20,6,0,26
2023-03-11T11:42:06,20,6,0,26
2023-03-11T11:51:21,20,6,0,26
2023-03-11T12:00:44,20,6,0,26
2023-03-11T12:09:59,20,6,0,26
2023-03-11T12:19:14,20,6,0,26
2023-03-11T12:28:29,20,6,0,26
2023-03-11T12:37:45,20,6,0,26
2023-03-11T12:47:00,20,6,0,26
2023-03-11T12:56:14,20,6,0,26
2023-03-11T13:05:30,20,6,0,26
2023-03-11T13:14:45,20,6,0,26
2023-03-11T13:24:00,20,6,0,26
2023-03-11T13:33:14,20,6,0,26
2023-03-11T13:42:30,20,6,0,26
2023-03-11T13:51:46,20,6,0,26
2023-03-11T14:01:02,20,6,0,26
2023-03-11T14:10:16,20,6,0,26
2023-03-11T14:19:31,20,6,0,26
2023-03-11T14:28:45,20,6,0,26
2023-03-11T14:38:00,20,6,0,26
2023-03-11T14:47:15,20,6,0,26
2023-03-11T14:56:29,20,6,0,26
2023-03-11T15:05:44,20,6,0,26
2023-03-11T15:14:59,20,6,0,26
2023-03-11T15:24:14,20,6,0,26
2023-03-11T15:33:39,20,6,0,26
2023-03-11T15:42:54,20,6,0,26
2023-03-11T15:52:10,20,6,0,26
2023-03-11T16:01:25,20,6,0,26
2023-03-11T16:10:40,20,6,0,26
2023-03-11T16:19:56,20,6,0,26
2023-03-11T16:29:11,20,6,0,26
2023-03-11T16:38:26,20,6,0,26
2023-03-11T16:47:41,20,6,0,26
2023-03-11T16:56:56,20,6,0,26
2023-03-11T17:06:13,20,6,0,26
2023-03-11T17:15:29,20,6,0,26
2023-03-11T17:24:44,20,6,0,26
2023-03-11T17:33:59,20,6,0,26
2023-03-11T17:43:14,20,6,0,26
2023-03-11T17:52:29,20,6,0,26
2023-03-11T18:01:44,20,6,0,26
2023-03-11T18:11:10,20,6,0,26
2023-03-11T18:20:25,20,6,0,26
2023-03-11T18:29:40,20,6,0,26
2023-03-11T18:38:56,20,6,0,26
2023-03-11T18:48:10,20,6,0,26
2023-03-11T18:57:26,20,6,0,26
2023-03-11T19:06:41,20,6,0,26
2023-03-11T19:15:56,20,6,0,26
2023-03-11T19:25:11,20,6,0,26
2023-03-11T19:34:25,20,6,0,26
2023-03-11T19:43:40,20,6,0,26
2023-03-11T19:52:55,20,6,0,26
2023-03-11T20:02:10,20,6,0,26
2023-03-11T20:11:25,20,6,0,26
2023-03-11T20:20:39,20,6,0,26
2023-03-11T20:29:54,20,6,0,26
2023-03-11T20:39:09,20,6,0,26
2023-03-11T20:48:24,20,6,0,26
2023-03-11T20:57:39,20,6,0,26
2023-03-11T21:06:54,20,6,0,26
2023-03-11T21:16:09,20,6,0,26
2023-03-11T21:25:24,20,6,0,26
2023-03-11T21:34:39,20,6,0,26
2023-03-11T21:43:54,20,6,0,26
2023-03-11T21:53:09,20,6,0,26
2023-03-11T22:02:24,20,6,0,26
2023-03-11T22:11:39,20,6,0,26
2023-03-11T22:21:05,20,6,0,26
2023-03-11T22:30:19,20,6,0,26
2023-03-11T22:39:34,20,6,0,26
2023-03-11T22:48:49,20,6,0,26
2023-03-11T22:58:04,20,6,0,26
2023-03-11T23:07:19,20,6,0,26
2023-03-11T23:16:34,20,6,0,26
2023-03-11T23:25:50,20,6,0,26
2023-03-11T23:35:04,20,6,0,26
2023-03-11T23:44:19,20,6,0,26
2023-03-11T23:53:34,20,6,0,26
2023-03-12T00:02:49,20,6,0,26
2023-03-12T00:12:05,20,6,0,26
2023-03-12T00:21:24,20,6,0,26
2023-03-12T00:30:39,20,6,0,26
2023-03-12T00:39:56,20,6,0,26
2023-03-12T00:49:10,20,6,0,26
2023-03-12T00:58:25,20,6,0,26
2023-03-12T01:07:41,20,6,0,26
2023-03-12T01:16:56,20,6,0,26
2023-03-12T01:26:10,20,6,0,26
2023-03-12T01:35:25,20,6,0,26
2023-03-12T01:44:39,20,6,0,26
2023-03-12T01:53:53,20,6,0,26
2023-03-12T03:03:08,20,6,0,26
2023-03-12T03:12:22,20,6,0,26
2023-03-12T03:21:36,20,6,0,26
2023-03-12T03:30:52,20,6,0,26
2023-03-12T03:40:07,20,6,0,26
2023-03-12T03:49:21,20,6,0,26
2023-03-12T03:58:36,20,6,0,26
2023-03-12T04:07:52,20,6,0,26
2023-03-12T04:19:03,20,6,0,26
2023-03-12T04:28:22,20,6,0,26
2023-03-12T04:37:42,20,6,0,26
2023-03-12T04:47:07,20,6,0,26
2023-03-12T04:57:51,20,6,0,26
2023-03-12T05:07:31,20,6,0,26
2023-03-12T05:16:51,20,6,0,26
2023-03-12T05:26:11,20,6,0,26
2023-03-12T05:36:28,20,6,0,26
2023-03-12T05:46:33,20,6,0,26
2023-03-12T05:56:02,20,6,0,26
2023-03-12T06:05:32,20,6,0,26
2023-03-12T06:14:52,20,6,0,26
2023-03-12T06:24:12,20,6,0,26
2023-03-12T06:33:31,20,6,0,26
2023-03-12T06:42:50,20,6,0,26
2023-03-12T06:52:09,20,6,0,26
2023-03-12T07:01:29,20,6,0,26
2023-03-12T07:10:47,20,6,0,26
2023-03-12T07:20:05,20,6,0,26
2023-03-12T07:29:24,20,6,0,26
2023-03-12T07:38:42,20,6,0,26
2023-03-12T07:48:00,20,6,0,26
2023-03-12T07:57:19,20,6,0,26
2023-03-12T08:06:41,20,6,0,26
2023-03-12T08:16:00,20,6,0,26
2023-03-12T08:25:18,20,6,0,26
2023-03-12T08:34:36,20,6,0,26
2023-03-12T08:43:52,20,6,0,26
2023-03-12T08:53:10,20,6,0,26
2023-03-12T09:02:27,20,6,0,26
2023-03-12T09:11:44,20,6,0,26
2023-03-12T09:21:01,20,6,0,26
2023-03-12T09:30:17,20,6,0,26
2023-03-12T09:39:40,20,6,0,26
2023-03-12T09:48:58,20,6,0,26
2023-03-12T09:58:17,20,6,0,26
2023-03-12T10:07:36,20,6,0,26
2023-03-12T10:17:02,20,6,0,26
2023-03-12T10:26:21,20,6,0,26
2023-03-12T10:35:37,20,6,0,26
2023-03-12T10:44:54,20,6,0,26
2023-03-12T10:54:10,20,6,0,26
2023-03-12T11:03:25,20,6,0,26
2023-03-12T11:12:41,20,6,0,26
2023-03-12T11:21:56,20,6,0,26
2023-03-12T11:31:11,20,6,0,26
2023-03-12T11:40:26,20,6,0,26
2023-03-12T11:49:40,20,6,0,26
2023-03-12T11:58:56,20,6,0,26
2023-03-12T12:08:12,20,6,0,26
2023-03-12T12:17:27,20,6,0,26
2023-03-12T12:26:42,20,6,0,26
2023-03-12T12:35:57,20,6,0,26
2023-03-12T12:45:13,20,6,0,26
2023-03-12T12:54:28,20,6,0,26
2023-03-12T13:03:43,20,6,0,26
2023-03-12T13:12:58,20,6,0,26
2023-03-12T13:22:22,20,6,0,26
2023-03-12T13:31:37,20,6,0,26
2023-03-12T13:40:52,20,6,0,26
2023-03-12T13:50:07,20,6,0,26
2023-03-12T13:59:22,20,6,0,26
2023-03-12T14:08:37,20,6,0,26
2023-03-12T14:17:53,20,6,0,26
2023-03-12T14:27:08,20,6,0,26
2023-03-12T14:36:23,20,6,0,26
2023-03-12T14:45:38,20,6,0,26
2023-03-12T14:54:53,20,6,0,26
2023-03-12T15:04:09,20,6,0,26
2023-03-12T15:13:25,20,6,0,26
2023-03-12T15:22:41,20,6,0,26
2023-03-12T15:31:56,20,6,0,26
2023-03-12T15:41:12,20,6,0,26
2023-03-12T15:50:27,20,6,0,26
2023-03-12T15:59:42,20,6,0,26
2023-03-12T16:08:58,20,6,0,26
2023-03-12T16:18:14,20,6,0,26
2023-03-12T16:27:29,20,6,0,26
2023-03-12T16:36:46,20,6,0,26
2023-03-12T16:46:01,20,6,0,26
2023-03-12T16:55:17,20,6,0,26
2023-03-12T17:04:32,20,6,0,26
2023-03-12T17:13:57,20,6,0,26
2023-03-12T17:23:12,20,6,0,26
2023-03-12T17:32:28,20,6,0,26
2023-03-12T17:41:43,20,6,0,26
2023-03-12T17:50:58,20,6,0,26
2023-03-12T18:00:13,20,6,0,26
2023-03-12T18:09:28,20,6,0,26
2023-03-12T18:18:44,20,6,0,26
2023-03-12T18:27:59,20,6,0,26
2023-03-12T18:37:14,20,6,0,26
2023-03-12T18:46:29,20,6,0,26
2023-03-12T18:55:44,20,6,0,26
2023-03-12T19:05:01,20,6,0,26
2023-03-12T19:14:18,20,6,0,26
2023-03-12T19:23:34,20,6,0,26
2023-03-12T19:32:49,20,6,0,26
2023-03-12T19:42:16,20,6,0,26
2023-03-12T19:51:32,20,6,0,26
2023-03-12T20:00:48,20,6,0,26
2023-03-12T20:10:04,20,6,0,26
2023-03-12T20:19:19,20,6,0,26
2023-03-12T20:28:35,20,6,0,26
2023-03-12T20:37:51,20,6,0,26
2023-03-12T20:47:06,20,6,0,26
2023-03-12T20:56:21,20,6,0,26
2023-03-12T21:05:37,20,6,0,26
2023-03-12T21:14:53,20,6,0,26
2023-03-12T21:24:10,20,6,0,26
2023-03-12T21:33:26,20,6,0,26
2023-03-12T21:42:42,20,6,0,26
2023-03-12T21:51:58,20,6,0,26
2023-03-12T22:01:14,20,6,0,26
2023-03-12T22:10:40,20,6,0,26
2023-03-12T22:19:56,20,6,0,26
2023-03-12T22:29:12,20,6,0,26
2023-03-12T22:38:28,20,6,0,26
2023-03-12T22:47:44,20,6,0,26
2023-03-12T22:57:00,20,6,0,26
2023-03-12T23:06:17,20,6,0,26
2023-03-12T23:15:33,20,6,0,26
2023-03-12T23:24:49,20,6,0,26
2023-03-12T23:34:05,20,6,0,26
2023-03-12T23:43:21,20,6,0,26
2023-03-12T23:52:36,20,6,0,26
2023-03-13T00:01:52,20,6,0,26
2023-03-13T00:11:12,20,6,0,26
2023-03-13T00:20:33,20,6,0,26
2023-03-13T00:29:57,20,6,0,26
2023-03-13T00:39:17,20,6,0,26
2023-03-13T00:48:48,20,6,0,26
2023-03-13T00:58:04,20,6,0,26
2023-03-13T01:07:26,20,6,0,26
2023-03-13T01:16:45,20,6,0,26
2023-03-13T01:26:04,20,6,0,26
2023-03-13T01:35:22,20,6,0,26
2023-03-13T01:44:38,20,6,0,26
2023-03-13T01:53:54,20,6,0,26
2023-03-13T02:03:11,20,6,0,26
2023-03-13T02:12:30,20,6,0,26
2023-03-13T02:21:47,20,6,0,26
2023-03-13T02:31:04,20,6,0,26
2023-03-13T02:40:20,20,6,0,26
2023-03-13T02:49:36,20,6,0,26
2023-03-13T02:58:53,20,6,0,26
2023-03-13T03:08:11,20,6,0,26
2023-03-13T03:17:29,20,6,0,26
2023-03-13T03:26:46,20,6,0,26
2023-03-13T03:36:04,20,6,0,26
2023-03-13T03:45:20,20,6,0,26
2023-03-13T03:54:37,20,6,0,26
2023-03-13T04:03:54,20,6,0,26
2023-03-13T04:27:51,20,6,0,26
2023-03-13T04:38:33,20,6,0,26
2023-03-13T04:48:11,20,6,0,26
2023-03-13T04:57:29,20,6,0,26
2023-03-13T05:06:49,20,6,0,26
2023-03-13T05:16:08,20,6,0,26
2023-03-13T05:25:26,20,6,0,26
2023-03-13T05:34:46,20,6,0,26
2023-03-13T05:44:04,20,6,0,26
2023-03-13T05:53:23,20,6,0,26
2023-03-13T06:02:41,20,6,0,26
2023-03-13T06:11:59,20,6,0,26
2023-03-13T06:21:16,20,6,0,26
2023-03-13T06:30:33,20,6,0,26
2023-03-13T06:39:51,20,6,0,26
2023-03-13T06:49:09,20,6,0,26
2023-03-13T06:58:27,20,6,0,26
2023-03-13T07:07:43,20,6,0,26
2023-03-13T07:16:58,20,6,0,26
2023-03-13T07:26:15,20,6,0,26
2023-03-13T07:35:35,20,6,0,26
2023-03-13T07:44:51,20,6,0,26
2023-03-13T07:54:07,20,6,0,26
2023-03-13T08:03:23,20,6,0,26
2023-03-13T08:12:40,20,6,0,26
2023-03-13T08:21:56,20,6,0,26
2023-03-13T08:31:12,20,6,0,26
2023-03-13T08:40:29,20,6,0,26
2023-03-13T08:49:45,20,6,0,26
2023-03-13T08:59:03,20,6,0,26
2023-03-13T09:08:20,20,6,0,26
2023-03-13T09:17:38,20,6,0,26
2023-03-13T09:26:55,20,6,0,26
2023-03-13T09:36:12,20,6,0,26
2023-03-13T09:45:29,20,6,0,26
2023-03-13T09:54:47,20,6,0,26
2023-03-13T10:04:05,20,6,0,26
2023-03-13T10:13:35,20,6,0,26
2023-03-13T10:22:53,20,6,0,26
2023-03-13T10:32:11,20,6,0,26
2023-03-13T10:41:28,20,6,0,26
2023-03-13T10:50:46,20,6,0,26
2023-03-13T11:00:04,20,6,0,26
2023-03-13T11:09:22,20,6,0,26
2023-03-13T11:18:40,20,6,0,26
2023-03-13T11:27:58,20,6,0,26
2023-03-13T11:37:19,20,6,0,26
2023-03-13T11:46:49,20,6,0,26
2023-03-13T11:56:12,20,6,0,26
2023-03-13T12:05:37,20,6,0,26
2023-03-13T12:14:57,20,6,0,26
2023-03-13T12:24:15,20,6,0,26
2023-03-13T12:33:33,20,6,0,26
2023-03-13T12:42:51,20,6,0,26
2023-03-13T12:52:08,20,6,0,26
2023-03-13T13:01:40,20,6,0,26
2023-03-13T13:11:03,20,6,0,26
2023-03-13T13:20:23,20,6,0,26
2023-03-13T13:29:44,20,6,0,26
2023-03-13T13:39:06,20,6,0,26
2023-03-13T13:48:28,20,6,0,26
2023-03-13T13:57:49,20,6,0,26
2023-03-13T14:07:12,20,6,0,26
2023-03-13T14:16:44,20,6,0,26
2023-03-13T14:26:04,20,6,0,26
2023-03-13T14:35:25,20,6,0,26
2023-03-13T14:44:46,20,6,0,26
2023-03-13T14:54:07,20,6,0,26
2023-03-13T15:03:28,20,6,0,26
2023-03-13T15:13:01,20,6,0,26
2023-03-13T15:22:23,20,6,0,26
2023-03-13T15:31:44,20,6,0,26
2023-03-13T15:41:06,20,6,0,26
2023-03-13T15:50:27,20,6,0,26
2023-03-13T15:59:47,20,6,0,26
2023-03-13T16:09:10,20,6,0,26
2023-03-13T16:18:31,20,6,0,26
2023-03-13T16:27:53,20,6,0,26
2023-03-13T16:37:14,20,6,0,26
2023-03-13T16:46:34,20,6,0,26
2023-03-13T16:56:05,20,6,0,26
2023-03-13T17:05:24,20,6,0,26
2023-03-13T17:14:44,20,6,0,26
2023-03-13T17:24:02,20,6,0,26
2023-03-13T17:33:21,20,6,0,26
2023-03-13T17:42:40,20,6,0,26
2023-03-13T17:51:58,20,6,0,26
2023-03-13T18:01:17,20,6,0,26
2023-03-13T18:10:36,20,6,0,26
2023-03-13T18:19:55,20,6,0,26
2023-03-13T18:29:26,20,6,0,26
2023-03-13T18:38:44,20,6,0,26
2023-03-13T18:48:02,20,6,0,26
2023-03-13T18:57:20,20,6,0,26
2023-03-13T19:06:38,20,6,0,26
2023-03-13T19:15:56,20,6,0,26
2023-03-13T19:25:14,20,6,0,26
2023-03-13T19:34:32,20,6,0,26
2023-03-13T19:43:50,20,6,0,26
2023-03-13T19:53:08,20,6,0,26
2023-03-13T20:02:25,20,6,0,26
2023-03-13T20:11:43,20,6,0,26
2023-03-13T20:21:04,20,6,0,26
2023-03-13T20:30:33,20,6,0,26
2023-03-13T20:39:50,20,6,0,26
2023-03-13T20:49:08,20,6,0,26
2023-03-13T20:58:25,20,6,0,26
2023-03-13T21:07:44,20,6,0,26
2023-03-13T21:17:01,20,6,0,26
2023-03-13T21:26:18,20,6,0,26
2023-03-13T21:35:35,20,6,0,26
2023-03-13T21:44:53,20,6,0,26
2023-03-13T21:54:11,20,6,0,26
2023-03-13T22:03:28,20,6,0,26
2023-03-13T22:12:46,20,6,0,26
2023-03-13T22:22:03,20,6,0,26
2023-03-13T22:31:21,20,6,0,26
2023-03-13T22:40:39,20,6,0,26
2023-03-13T22:50:10,20,6,0,26
2023-03-13T22:59:26,20,6,0,26
2023-03-13T23:08:45,20,6,0,26
2023-03-13T23:18:02,20,6,0,26
2023-03-13T23:27:19,20,6,0,26
2023-03-13T23:36:36,20,6,0,26
2023-03-13T23:45:53,20,6,0,26
2023-03-13T23:55:11,20,6,0,26
2023-03-14T00:04:28,20,6,0,26
2023-03-14T00:13:47,20,6,0,26
2023-03-14T00:23:08,20,6,0,26
2023-03-14T00:32:27,20,6,0,26
2023-03-14T00:41:47,20,6,0,26
2023-03-14T00:51:06,20,6,0,26
2023-03-14T01:00:26,20,6,0,26
2023-03-14T01:09:46,20,6,0,26
2023-03-14T01:19:05,20,6,0,26
2023-03-14T01:28:24,20,6,0,26
2023-03-14T01:37:42,20,6,0,26
2023-03-14T01:46:59,20,6,0,26
2023-03-14T01:56:18,20,6,0,26
2023-03-14T02:05:36,20,6,0,26
2023-03-14T02:14:53,20,6,0,26
2023-03-14T02:24:22,20,6,0,26
2023-03-14T02:33:39,20,6,0,26
2023-03-14T02:42:56,20,6,0,26
2023-03-14T02:52:12,20,6,0,26
2023-03-14T03:01:28,20,6,0,26
2023-03-14T03:10:46,20,6,0,26
2023-03-14T03:20:08,20,6,0,26
2023-03-14T03:29:28,20,6,0,26
2023-03-14T03:38:48,20,6,0,26
2023-03-14T03:48:08,20,6,0,26
2023-03-14T03:57:28,20,6,0,26
2023-03-14T04:06:47,20,6,0,26
2023-03-14T04:20:00,20,6,0,26
2023-03-14T04:29:46,20,6,0,26
2023-03-14T04:39:07,20,6,0,26
2023-03-14T04:48:28,20,6,0,26
2023-03-14T04:57:48,20,6,0,26
2023-03-14T05:07:08,20,6,0,26
2023-03-14T05:16:28,20,6,0,26
2023-03-14T05:25:47,20,6,0,26
2023-03-14T05:35:08,20,6,0,26
2023-03-14T05:44:28,20,6,0,26
2023-03-14T05:53:49,20,6,0,26
2023-03-14T06:03:09,20,6,0,26
2023-03-14T06:12:29,20,6,0,26
2023-03-14T06:21:48,20,6,0,26
2023-03-14T06:31:06,20,6,0,26
2023-03-14T06:40:25,20,6,0,26
2023-03-14T06:49:44,20,6,0,26
2023-03-14T06:59:01,20,6,0,26
2023-03-14T07:08:24,20,6,0,26
2023-03-14T07:17:42,20,6,0,26
2023-03-14T07:27:02,20,6,0,26
2023-03-14T07:36:23,20,6,0,26
2023-03-14T07:45:43,20,6,0,26
2023-03-14T07:55:02,20,6,0,26
2023-03-14T08:04:20,20,6,0,26
2023-03-14T08:13:39,20,6,0,26
2023-03-14T08:23:01,20,6,0,26
2023-03-14T08:32:19,20,6,0,26
2023-03-14T08:41:38,20,6,0,26
2023-03-14T08:50:56,20,6,0,26
2023-03-14T09:00:14,20,6,0,26
2023-03-14T09:09:34,20,6,0,26
2023-03-14T09:18:53,20,6,0,26
2023-03-14T09:28:11,20,6,0,26
2023-03-14T09:37:41,20,6,0,26
2023-03-14T09:47:00,20,6,0,26
2023-03-14T09:56:19,20,6,0,26
2023-03-14T10:05:39,20,6,0,26
2023-03-14T10:14:58,20,6,0,26
2023-03-14T10:24:18,20,6,0,26
2023-03-14T10:33:37,20,6,0,26
2023-03-14T10:42:56,20,6,0,26
2023-03-14T10:52:15,20,6,0,26
2023-03-14T11:01:36,20,6,0,26
2023-03-14T11:10:56,20,6,0,26
2023-03-14T11:20:17,20,6,0,26
2023-03-14T11:29:38,20,6,0,26
2023-03-14T11:39:09,20,6,0,26
2023-03-14T11:48:29,20,6,0,26
2023-03-14T11:57:49,20,6,0,26
2023-03-14T12:07:10,20,6,0,26
2023-03-14T12:16:31,20,6,0,26
2023-03-14T12:25:52,20,6,0,26
2023-03-14T12:35:16,20,6,0,26
2023-03-14T12:44:39,20,6,0,26
2023-03-14T12:53:58,20,6,0,26
2023-03-14T13:03:17,20,6,0,26
2023-03-14T13:12:47,20,6,0,26
2023-03-14T13:22:07,20,6,0,26
2023-03-14T13:31:29,20,6,0,26
2023-03-14T13:40:56,20,6,0,26
2023-03-14T13:50:22,20,6,0,26
2023-03-14T13:59:48,20,6,0,26
2023-03-14T14:09:17,20,6,0,26
2023-03-14T14:18:47,20,6,0,26
2023-03-14T14:28:27,20,6,0,26
2023-03-14T14:37:56,20,6,0,26
2023-03-14T14:47:23,20,6,0,26
2023-03-14T14:56:50,20,6,0,26
2023-03-14T15:06:17,20,6,0,26
2023-03-14T15:15:43,20,6,0,26
2023-03-14T15:25:08,20,6,0,26
2023-03-14T15:34:33,20,6,0,26
2023-03-14T15:44:10,20,6,0,26
2023-03-14T15:53:35,20,6,0,26
2023-03-14T16:03:00,20,6,0,26
2023-03-14T16:12:26,20,6,0,26
2023-03-14T16:21:53,20,6,0,26
2023-03-14T16:31:17,20,6,0,26
2023-03-14T16:40:42,20,6,0,26
2023-03-14T16:50:16,20,6,0,26
2023-03-14T16:59:39,20,6,0,26
2023-03-14T17:09:04,20,6,0,26
2023-03-14T17:18:28,20,6,0,26
2023-03-14T17:27:50,20,6,0,26
2023-03-14T17:37:11,20,6,0,26
2023-03-14T17:46:32,20,6,0,26
2023-03-14T17:55:50,20,6,0,26
2023-03-14T18:05:08,20,6,0,26
2023-03-14T18:14:26,20,6,0,26
2023-03-14T18:23:54,20,6,0,26
2023-03-14T18:33:11,20,6,0,26
2023-03-14T18:42:29,20,6,0,26
2023-03-14T18:51:46,20,6,0,26
2023-03-14T19:01:03,20,6,0,26
2023-03-14T19:10:20,20,6,0,26
2023-03-14T19:19:37,20,6,0,26
2023-03-14T19:28:53,20,6,0,26
2023-03-14T19:38:12,20,6,0,26
2023-03-14T19:47:28,20,6,0,26
2023-03-14T19:56:45,20,6,0,26
2023-03-14T20:06:03,20,6,0,26
2023-03-14T20:15:31,20,6,0,26
2023-03-14T20:24:48,20,6,0,26
2023-03-14T20:34:05,20,6,0,26
2023-03-14T20:43:22,20,6,0,26
2023-03-14T20:52:39,20,6,0,26
2023-03-14T21:01:57,20,6,0,26
2023-03-14T21:11:14,20,6,0,26
2023-03-14T21:20:31,20,6,0,26
2023-03-14T21:29:47,20,6,0,26
2023-03-14T21:39:03,20,6,0,26
2023-03-14T21:48:19,20,6,0,26
2023-03-14T21:57:36,20,6,0,26
2023-03-14T22:06:54,20,6,0,26
2023-03-14T22:16:11,20,6,0,26
2023-03-14T22:25:38,20,6,0,26
2023-03-14T22:34:56,20,6,0,26
2023-03-14T22:44:12,20,6,0,26
2023-03-14T22:53:28,20,6,0,26
2023-03-14T23:02:45,20,6,0,26
2023-03-14T23:12:03,20,6,0,26
2023-03-14T23:21:19,20,6,0,26
2023-03-14T23:30:36,20,6,0,26
2023-03-14T23:39:52,20,6,0,26
2023-03-14T23:49:09,20,6,0,26
2023-03-14T23:58:25,20,6,0,26
2023-03-15T00:07:42,20,6,0,26
2023-03-15T00:17:03,20,6,0,26
2023-03-15T00:26:20,20,6,0,26
2023-03-15T00:35:37,20,6,0,26
2023-03-15T00:44:55,20,6,0,26
2023-03-15T00:54:14,20,6,0,26
2023-03-15T01:03:35,20,6,0,26
2023-03-15T01:13:07,20,6,0,26
2023-03-15T01:22:26,20,6,0,26
2023-03-15T01:31:44,20,6,0,26
2023-03-15T01:41:01,20,6,0,26
2023-03-15T01:50:19,20,6,0,26
2023-03-15T01:59:36,20,6,0,26
2023-03-15T02:08:54,20,6,0,26
2023-03-15T02:18:11,20,6,0,26
2023-03-15T02:27:27,20,6,0,26
2023-03-15T02:36:45,20,6,0,26
2023-03-15T02:46:02,20,6,0,26
2023-03-15T02:55:21,20,6,0,26
2023-03-15T03:04:40,20,6,0,26
2023-03-15T03:14:00,20,6,0,26
2023-03-15T03:23:19,20,6,0,26
2023-03-15T03:32:37,20,6,0,26
2023-03-15T03:41:56,20,6,0,26
2023-03-15T03:51:13,20,6,0,26
2023-03-15T04:00:31,20,6,0,26
2023-03-15T04:21:36,20,6,0,26
2023-03-15T04:31:19,20,6,0,26
2023-03-15T04:40:42,20,6,0,26
2023-03-15T04:50:02,20,6,0,26
2023-03-15T04:59:21,20,6,0,26
2023-03-15T05:08:41,20,6,0,26
2023-03-15T05:18:00,20,6,0,26
2023-03-15T05:27:18,20,6,0,26
2023-03-15T05:36:39,20,6,0,26
2023-03-15T05:45:58,20,6,0,26
2023-03-15T05:55:18,20,6,0,26
2023-03-15T06:04:37,20,6,0,26
2023-03-15T06:13:56,20,6,0,26
2023-03-15T06:23:15,20,6,0,26
2023-03-15T06:32:33,20,6,0,26
2023-03-15T06:41:51,20,6,0,26
2023-03-15T06:51:11,20,6,0,26
2023-03-15T07:00:32,20,6,0,26
2023-03-15T07:09:52,20,6,0,26
2023-03-15T07:19:11,20,6,0,26
2023-03-15T07:28:29,20,6,0,26
2023-03-15T07:37:48,20,6,0,26
2023-03-15T07:47:06,20,6,0,26
2023-03-15T07:56:22,20,6,0,26
2023-03-15T08:05:42,20,6,0,26
2023-03-15T08:15:01,20,6,0,26
2023-03-15T08:24:18,20,6,0,26
2023-03-15T08:33:35,20,6,0,26
2023-03-15T08:42:53,20,6,0,26
2023-03-15T08:52:11,20,6,0,26
2023-03-15T09:01:31,20,6,0,26
2023-03-15T09:10:50,20,6,0,26
2023-03-15T09:20:09,20,6,0,26
2023-03-15T09:29:28,20,6,0,26
2023-03-15T09:38:47,20,6,0,26
2023-03-15T09:48:08,20,6,0,26
2023-03-15T09:57:27,20,6,0,26
2023-03-15T10:06:46,20,6,0,26
2023-03-15T10:16:06,20,6,0,26
2023-03-15T10:25:36,20,6,0,26
2023-03-15T10:34:56,20,6,0,26
2023-03-15T10:44:15,20,6,0,26
2023-03-15T10:53:34,20,6,0,26
2023-03-15T11:02:54,20,6,0,26
2023-03-15T11:12:14,20,6,0,26
2023-03-15T11:21:35,20,6,0,26
2023-03-15T11:30:56,20,6,0,26
2023-03-15T11:40:15,20,6,0,26
2023-03-15T11:49:38,20,6,0,26
2023-03-15T11:58:59,20,6,0,26
2023-03-15T12:08:19,20,6,0,26
2023-03-15T12:17:49,20,6,0,26
2023-03-15T12:27:09,21,5,0,26
2023-03-15T12:36:28,21,5,0,26
2023-03-15T12:45:48,21,5,0,26
2023-03-15T12:55:08,21,5,0,26
2023-03-15T13:04:28,21,5,0,26
2023-03-15T13:13:49,21,5,0,26
2023-03-15T13:23:10,21,5,0,26
2023-03-15T13:32:29,21,5,0,26
2023-03-15T13:42:00,21,5,0,26
2023-03-15T13:51:21,21,5,0,26
2023-03-15T14:00:42,21,5,0,26
2023-03-15T14:10:03,21,5,0,26
2023-03-15T14:19:24,21,5,0,26
2023-03-15T14:28:46,21,5,0,26
2023-03-15T14:38:06,21,5,0,26
2023-03-15T14:47:39,21,5,0,26
2023-03-15T14:56:59,21,5,0,26
2023-03-15T15:06:19,21,5,0,26
2023-03-15T15:15:39,21,5,0,26
2023-03-15T15:24:59,21,5,0,26
2023-03-15T15:34:20,21,5,0,26
2023-03-15T15:43:40,21,5,0,26
2023-03-15T15:53:11,21,5,0,26
2023-03-15T16:02:31,21,5,0,26
2023-03-15T16:11:51,21,5,0,26
2023-03-15T16:21:12,21,5,0,26
2023-03-15T16:30:35,21,5,0,26
2023-03-15T16:39:56,21,5,0,26
2023-03-15T16:49:16,21,5,0,26
2023-03-15T16:58:36,21,5,0,26
2023-03-15T17:08:09,21,5,0,26
2023-03-15T17:17:29,21,5,0,26
2023-03-15T17:26:50,21,5,0,26
2023-03-15T17:36:10,21,5,0,26
2023-03-15T17:45:30,21,5,0,26
2023-03-15T17:54:50,21,5,0,26
2023-03-15T18:04:11,21,5,0,26
2023-03-15T18:13:31,21,5,0,26
2023-03-15T18:22:52,21,5,0,26
2023-03-15T18:32:24,21,5,0,26
2023-03-15T18:41:43,21,5,0,26
2023-03-15T18:51:02,21,5,0,26
2023-03-15T19:00:21,21,5,0,26
2023-03-15T19:09:41,21,5,0,26
2023-03-15T19:19:01,21,5,0,26
2023-03-15T19:28:20,21,5,0,26
2023-03-15T19:37:40,21,5,0,26
2023-03-15T19:46:59,21,5,0,26
2023-03-15T19:56:18,21,5,0,26
2023-03-15T20:05:37,21,5,0,26
2023-03-15T20:14:56,21,5,0,26
2023-03-15T20:24:27,21,5,0,26
2023-03-15T20:33:45,21,5,0,26
2023-03-15T20:43:04,21,5,0,26
2023-03-15T20:52:23,21,5,0,26
2023-03-15T21:01:42,21,5,0,26
2023-03-15T21:11:00,21,5,0,26
2023-03-15T21:20:19,21,5,0,26
2023-03-15T21:29:39,21,5,0,26
2023-03-15T21:38:58,21,5,0,26
2023-03-15T21:48:18,21,5,0,26
2023-03-15T21:57:37,21,5,0,26
2023-03-15T22:06:57,21,5,0,26
2023-03-15T22:16:16,21,5,0,26
2023-03-15T22:25:34,21,5,0,26
2023-03-15T22:34:54,21,5,0,26
2023-03-15T22:44:24,21,5,0,26
2023-03-15T22:53:42,21,5,0,26
2023-03-15T23:03:01,21,5,0,26
2023-03-15T23:12:20,21,5,0,26
2023-03-15T23:21:39,21,5,0,26
2023-03-15T23:30:58,21,5,0,26
2023-03-15T23:40:18,21,5,0,26
2023-03-15T23:49:37,21,5,0,26
2023-03-15T23:58:56,21,5,0,26
2023-03-16T00:08:16,21,5,0,26
2023-03-16T00:17:43,21,5,0,26
2023-03-16T00:27:04,21,5,0,26
2023-03-16T00:36:25,21,5,0,26
2023-03-16T00:45:46,21,5,0,26
2023-03-16T00:55:07,21,5,0,26
2023-03-16T01:04:30,21,5,0,26
2023-03-16T01:13:50,21,5,0,26
2023-03-16T01:23:11,21,5,0,26
2023-03-16T01:32:30,21,5,0,26
2023-03-16T01:41:49,21,5,0,26
2023-03-16T01:51:08,21,5,0,26
2023-03-16T02:00:29,21,5,0,26
2023-03-16T02:10:01,21,5,0,26
2023-03-16T02:19:21,21,5,0,26
2023-03-16T02:28:46,21,5,0,26
2023-03-16T02:38:06,21,5,0,26
2023-03-16T02:47:24,21,5,0,26
2023-03-16T02:56:42,21,5,0,26
2023-03-16T03:06:01,21,5,0,26
2023-03-16T03:15:21,21,5,0,26
2023-03-16T03:24:40,21,5,0,26
2023-03-16T03:34:00,21,5,0,26
2023-03-16T03:43:20,21,5,0,26
2023-03-16T03:52:40,21,5,0,26
2023-03-16T04:02:00,21,5,0,26
2023-03-16T04:11:21,21,5,0,26
2023-03-16T04:26:05,21,5,0,26
2023-03-16T04:35:28,21,5,0,26
2023-03-16T04:46:23,21,5,0,26
2023-03-16T04:56:04,21,5,0,26
2023-03-16T05:05:26,21,5,0,26
2023-03-16T05:14:48,21,5,0,26
2023-03-16T05:24:09,21,5,0,26
2023-03-16T05:33:32,21,5,0,26
2023-03-16T05:42:54,21,5,0,26
2023-03-16T05:52:16,21,5,0,26
2023-03-16T06:01:38,21,5,0,26
2023-03-16T06:11:00,21,5,0,26
2023-03-16T06:20:21,21,5,0,26
2023-03-16T06:29:41,21,5,0,26
2023-03-16T06:39:02,21,5,0,26
2023-03-16T06:48:22,21,5,0,26
2023-03-16T06:57:45,21,5,0,26
2023-03-16T07:07:08,21,5,0,26
2023-03-16T07:16:29,21,5,0,26
2023-03-16T07:25:51,21,5,0,26
2023-03-16T07:35:13,21,5,0,26
2023-03-16T07:44:38,21,5,0,26
2023-03-16T07:54:01,21,5,0,26
2023-03-16T08:03:23,21,5,0,26
2023-03-16T08:12:44,21,5,0,26
2023-03-16T08:22:08,21,5,0,26
2023-03-16T08:31:37,21,5,0,26
2023-03-16T08:41:07,21,5,0,26
2023-03-16T08:50:35,21,5,0,26
2023-03-16T09:00:04,21,5,0,26
2023-03-16T09:09:32,21,5,0,26
2023-03-16T09:19:00,21,5,0,26
2023-03-16T09:28:27,21,5,0,26
2023-03-16T09:37:55,21,5,0,26
2023-03-16T09:47:23,21,5,0,26
2023-03-16T09:57:13,21,5,0,26
2023-03-16T10:06:51,21,5,0,26
2023-03-16T10:16:16,21,5,0,26
2023-03-16T10:25:38,21,5,0,26
2023-03-16T10:34:58,21,5,0,26
2023-03-16T10:44:19,21,5,0,26
2023-03-16T10:53:41,21,5,0,26
2023-03-16T11:03:02,21,5,0,26
2023-03-16T11:12:24,21,5,0,26
2023-03-16T11:21:44,21,5,0,26
2023-03-16T11:31:04,21,5,0,26
2023-03-16T11:40:24,21,5,0,26
2023-03-16T11:49:45,21,5,0,26
2023-03-16T11:59:05,21,5,0,26
2023-03-16T12:08:39,21,5,0,26
2023-03-16T12:17:58,21,5,0,26
2023-03-16T12:27:18,21,5,0,26
2023-03-16T12:36:39,21,5,0,26
2023-03-16T12:45:59,21,5,0,26
2023-03-16T12:55:19,21,5,0,26
2023-03-16T13:04:39,21,5,0,26
2023-03-16T13:14:01,21,5,0,26
2023-03-16T13:23:22,21,5,0,26
2023-03-16T13:32:56,21,5,0,26
2023-03-16T13:42:17,21,5,0,26
2023-03-16T13:51:37,21,5,0,26
2023-03-16T14:00:59,21,5,0,26
2023-03-16T14:10:20,21,5,0,26
2023-03-16T14:19:41,21,5,0,26
2023-03-16T14:29:03,21,5,0,26
2023-03-16T14:38:24,21,5,0,26
2023-03-16T14:47:45,21,5,0,26
2023-03-16T14:57:19,21,5,0,26
2023-03-16T15:06:40,21,5,0,26
2023-03-16T15:16:01,21,5,0,26
2023-03-16T15:25:22,21,5,0,26
2023-03-16T15:34:42,21,5,0,26
2023-03-16T15:44:03,21,5,0,26
2023-03-16T15:53:23,21,5,0,26
2023-03-16T16:02:45,21,5,0,26
2023-03-16T16:12:05,21,5,0,26
2023-03-16T16:21:36,21,5,0,26
2023-03-16T16:30:57,21,5,0,26
2023-03-16T16:40:18,21,5,0,26
2023-03-16T16:49:38,21,5,0,26
2023-03-16T16:58:59,21,5,0,26
2023-03-16T17:08:20,21,5,0,26
2023-03-16T17:17:42,21,5,0,26
2023-03-16T17:27:03,21,5,0,26
2023-03-16T17:36:23,21,5,0,26
2023-03-16T17:45:43,21,5,0,26
2023-03-16T17:55:02,21,5,0,26
2023-03-16T18:06:44,21,5,0,26
2023-03-16T18:16:27,21,5,0,26
2023-03-16T18:25:46,21,5,0,26
2023-03-16T18:35:06,21,5,0,26
2023-03-16T18:44:26,21,5,0,26
2023-03-16T18:53:46,21,5,0,26
2023-03-16T19:03:06,21,5,0,26
2023-03-16T19:12:26,21,5,0,26
2023-03-16T19:21:47,21,5,0,26
2023-03-16T19:31:11,21,5,0,26
2023-03-16T19:40:35,21,5,0,26
2023-03-16T19:49:59,21,5,0,26
2023-03-16T19:59:36,21,5,0,26
2023-03-16T20:09:01,21,5,0,26
2023-03-16T20:18:24,21,5,0,26
2023-03-16T20:27:48,21,5,0,26
2023-03-16T20:37:11,21,5,0,26
2023-03-16T20:46:34,21,5,0,26
2023-03-16T20:55:58,21,5,0,26
2023-03-16T21:05:21,21,5,0,26
2023-03-16T21:14:44,21,5,0,26
2023-03-16T21:24:08,21,5,0,26
2023-03-16T21:33:31,21,5,0,26
2023-03-16T21:42:53,21,5,0,26
2023-03-16T21:52:16,21,5,0,26
2023-03-16T22:01:39,21,5,0,26
2023-03-16T22:11:01,21,5,0,26
2023-03-16T22:20:24,21,5,0,26
2023-03-16T22:29:46,21,5,0,26
2023-03-16T22:39:21,21,5,0,26
2023-03-16T22:48:42,21,5,0,26
2023-03-16T22:58:02,21,5,0,26
2023-03-16T23:07:23,21,5,0,26
2023-03-16T23:16:43,21,5,0,26
2023-03-16T23:26:04,21,5,0,26
2023-03-16T23:35:24,21,5,0,26
2023-03-16T23:44:45,21,5,0,26
2023-03-16T23:54:05,21,5,0,26
2023-03-17T00:03:26,21,5,0,26
2023-03-17T00:12:49,21,5,0,26
2023-03-17T00:22:12,21,5,0,26
2023-03-17T00:31:33,21,5,0,26
2023-03-17T00:40:56,21,5,0,26
2023-03-17T00:50:18,21,5,0,26
2023-03-17T00:59:41,21,5,0,26
2023-03-17T01:09:06,21,5,0,26
2023-03-17T01:18:29,21,5,0,26
2023-03-17T01:27:50,21,5,0,26
2023-03-17T01:37:12,21,5,0,26
2023-03-17T01:46:35,21,5,0,26
2023-03-17T01:55:56,21,5,0,26
2023-03-17T02:05:18,21,5,0,26
2023-03-17T02:14:40,21,5,0,26
2023-03-17T02:24:01,21,5,0,26
2023-03-17T02:33:23,21,5,0,26
2023-03-17T02:42:57,21,5,0,26
2023-03-17T02:52:20,21,5,0,26
2023-03-17T03:01:42,21,5,0,26
2023-03-17T03:11:06,21,5,0,26
2023-03-17T03:20:27,21,5,0,26
2023-03-17T03:29:49,21,5,0,26
2023-03-17T03:39:11,21,5,0,26
2023-03-17T03:48:33,21,5,0,26
2023-03-17T03:57:56,21,5,0,26
2023-03-17T04:07:19,21,5,0,26
2023-03-17T04:16:40,21,5,0,26
2023-03-17T04:28:21,21,5,0,26
2023-03-17T04:37:45,21,5,0,26
2023-03-17T04:48:23,21,5,0,26
2023-03-17T04:58:04,21,5,0,26
2023-03-17T05:07:27,21,5,0,26
2023-03-17T05:16:49,21,5,0,26
2023-03-17T05:26:10,21,5,0,26
2023-03-17T05:35:33,21,5,0,26
2023-03-17T05:44:55,21,5,0,26
2023-03-17T05:54:18,21,5,0,26
2023-03-17T06:03:44,21,5,0,26
2023-03-17T06:13:05,21,5,0,26
2023-03-17T06:22:28,21,5,0,26
2023-03-17T06:31:49,21,5,0,26
2023-03-17T06:41:12,21,5,0,26
2023-03-17T06:51:15,21,5,0,26
2023-03-17T07:00:43,21,5,0,26
2023-03-17T07:10:07,21,5,0,26
2023-03-17T07:19:30,21,5,0,26
2023-03-17T07:28:53,21,5,0,26
2023-03-17T07:38:17,21,5,0,26
2023-03-17T07:47:40,21,5,0,26
2023-03-17T07:57:02,21,5,0,26
2023-03-17T08:06:25,21,5,0,26
2023-03-17T08:15:48,21,5,0,26
2023-03-17T08:25:10,21,5,0,26
2023-03-17T08:34:33,21,5,0,26
2023-03-17T08:43:57,21,5,0,26
2023-03-17T08:53:19,21,5,0,26
2023-03-17T09:02:44,21,5,0,26
2023-03-17T09:12:30,21,5,0,26
2023-03-17T09:22:10,21,5,0,26
2023-03-17T09:31:49,21,5,0,26
2023-03-17T09:41:26,21,5,0,26
2023-03-17T09:51:02,21,5,0,26
2023-03-17T10:00:39,21,5,0,26
2023-03-17T10:10:14,21,5,0,26
2023-03-17T10:19:41,21,5,0,26
2023-03-17T10:29:10,21,5,0,26
2023-03-17T10:38:35,21,5,0,26
2023-03-17T10:48:01,21,5,0,26
2023-03-17T10:57:27,21,5,0,26
2023-03-17T11:06:53,21,5,0,26
2023-03-17T11:16:29,21,5,0,26
2023-03-17T11:25:55,21,5,0,26
2023-03-17T11:35:21,21,5,0,26
2023-03-17T11:44:46,21,5,0,26
2023-03-17T11:54:10,21,5,0,26
2023-03-17T12:03:33,21,5,0,26
2023-03-17T12:12:56,21,5,0,26
2023-03-17T12:22:19,21,5,0,26
2023-03-17T12:31:42,21,5,0,26
2023-03-17T12:41:04,21,5,0,26
2023-03-17T12:50:39,21,5,0,26
2023-03-17T13:00:02,21,5,0,26
2023-03-17T13:09:25,21,5,0,26
2023-03-17T13:18:49,21,5,0,26
2023-03-17T13:28:12,21,5,0,26
2023-03-17T13:37:36,21,5,0,26
2023-03-17T13:47:00,21,5,0,26
2023-03-17T13:58:43,21,5,0,26
2023-03-17T14:08:28,21,5,0,26
2023-03-17T14:18:05,21,5,0,26
2023-03-17T14:27:29,21,5,0,26
2023-03-17T14:36:54,21,5,0,26
2023-03-17T14:46:18,21,5,0,26
2023-03-17T14:55:42,21,5,0,26
2023-03-17T15:05:06,21,5,0,26
2023-03-17T15:14:30,21,5,0,26
2023-03-17T15:24:05,21,5,0,26
2023-03-17T15:33:28,21,5,0,26
2023-03-17T15:42:52,21,5,0,26
2023-03-17T15:52:14,21,5,0,26
2023-03-17T16:10:36,21,5,0,26
2023-03-17T16:19:58,21,5,0,26
2023-03-17T16:29:30,21,5,0,26
2023-03-17T16:38:53,21,5,0,26
2023-03-17T16:48:15,21,5,0,26
2023-03-17T16:57:36,21,5,0,26
2023-03-17T17:07:01,21,5,0,26
2023-03-17T17:16:25,21,5,0,26
2023-03-17T17:25:49,21,5,0,26
2023-03-17T17:35:14,21,5,0,26
2023-03-17T17:44:37,21,5,0,26
2023-03-17T17:54:11,21,5,0,26
2023-03-17T18:03:35,21,5,0,26
2023-03-17T18:12:58,21,5,0,26
2023-03-17T18:22:20,21,5,0,26
2023-03-17T18:31:42,21,5,0,26
2023-03-17T18:41:04,21,5,0,26
2023-03-17T18:50:26,21,5,0,26
2023-03-17T18:59:48,21,5,0,26
2023-03-17T19:09:21,21,5,0,26
2023-03-17T19:18:43,21,5,0,26
2023-03-17T19:28:06,21,5,0,26
2023-03-17T19:37:28,21,5,0,26
2023-03-17T19:46:51,21,5,0,26
2023-03-17T19:56:14,21,5,0,26
2023-03-17T20:05:37,21,5,0,26
2023-03-17T20:15:00,21,5,0,26
2023-03-17T20:24:22,21,5,0,26
2023-03-17T20:33:45,21,5,0,26
2023-03-17T20:43:08,21,5,0,26
2023-03-17T20:52:30,21,5,0,26
2023-03-17T21:01:53,21,5,0,26
2023-03-17T21:11:15,21,5,0,26
2023-03-17T21:20:38,21,5,0,26
2023-03-17T21:30:11,21,5,0,26
2023-03-17T21:39:33,21,5,0,26
2023-03-17T21:48:55,21,5,0,26
2023-03-17T21:58:18,21,5,0,26
2023-03-17T22:07:40,21,5,0,26
2023-03-17T22:17:03,21,5,0,26
2023-03-17T22:26:24,21,5,0,26
2023-03-17T22:35:47,21,5,0,26
2023-03-17T22:45:10,21,5,0,26
2023-03-17T22:54:32,21,5,0,26
2023-03-17T23:03:55,21,5,0,26
2023-03-17T23:13:19,21,5,0,26
2023-03-17T23:22:42,21,5,0,26
2023-03-17T23:32:05,21,5,0,26
2023-03-17T23:41:39,21,5,0,26
2023-03-17T23:51:02,21,5,0,26
2023-03-18T00:00:23,21,5,0,26
2023-03-18T00:09:46,21,5,0,26
2023-03-18T00:19:13,21,5,0,26
2023-03-18T00:28:35,21,5,0,26
2023-03-18T00:38:13,21,5,0,26
2023-03-18T00:47:37,21,5,0,26
2023-03-18T00:57:00,21,5,0,26
2023-03-18T01:06:22,21,5,0,26
2023-03-18T01:15:46,21,5,0,26
2023-03-18T01:25:08,21,5,0,26
2023-03-18T01:34:31,21,5,0,26
2023-03-18T01:43:53,21,5,0,26
2023-03-18T01:53:16,21,5,0,26
2023-03-18T02:02:35,21,5,0,26
2023-03-18T02:12:03,21,5,0,26
2023-03-18T02:21:22,21,5,0,26
2023-03-18T02:30:41,21,5,0,26
2023-03-18T02:40:01,21,5,0,26
2023-03-18T02:49:21,21,5,0,26
2023-03-18T02:58:39,21,5,0,26
2023-03-18T03:08:00,21,5,0,26
2023-03-18T03:17:22,21,5,0,26
2023-03-18T03:26:44,21,5,0,26
2023-03-18T03:36:05,21,5,0,26
2023-03-18T03:45:27,21,5,0,26
2023-03-18T03:54:48,21,5,0,26
2023-03-18T04:04:10,21,5,0,26
2023-03-18T04:16:12,21,5,0,26
2023-03-18T04:25:35,21,5,0,26
2023-03-18T04:36:28,21,5,0,26
2023-03-18T04:45:50,21,5,0,26
2023-03-18T04:55:14,21,5,0,26
2023-03-18T05:04:35,21,5,0,26
2023-03-18T05:13:58,21,5,0,26
2023-03-18T05:23:20,21,5,0,26
2023-03-18T05:32:42,21,5,0,26
2023-03-18T05:42:07,21,5,0,26
2023-03-18T05:51:29,21,5,0,26
2023-03-18T06:00:52,21,5,0,26
2023-03-18T06:10:13,21,5,0,26
2023-03-18T06:19:35,21,5,0,26
2023-03-18T06:28:57,21,5,0,26
2023-03-18T06:38:19,21,5,0,26
2023-03-18T06:47:42,21,5,0,26
2023-03-18T06:57:04,21,5,0,26
2023-03-18T07:06:26,21,5,0,26
2023-03-18T07:15:49,21,5,0,26
2023-03-18T07:25:11,21,5,0,26
2023-03-18T07:34:33,21,5,0,26
2023-03-18T07:43:55,21,5,0,26
2023-03-18T07:53:17,21,5,0,26
2023-03-18T08:02:50,21,5,0,26
2023-03-18T08:12:12,21,5,0,26
2023-03-18T08:21:34,21,5,0,26
2023-03-18T08:30:56,21,5,0,26
2023-03-18T08:40:17,21,5,0,26
2023-03-18T08:49:39,21,5,0,26
2023-03-18T08:59:00,21,5,0,26
2023-03-18T09:08:22,21,5,0,26
2023-03-18T09:17:44,21,5,0,26
2023-03-18T09:27:07,21,5,0,26
2023-03-18T09:36:29,21,5,0,26
2023-03-18T09:45:52,21,5,0,26
2023-03-18T09:55:14,21,5,0,26
2023-03-18T10:04:36,21,5,0,26
2023-03-18T10:13:58,21,5,0,26
2023-03-18T10:23:21,21,5,0,26
2023-03-18T10:32:42,21,5,0,26
2023-03-18T10:42:13,21,5,0,26
2023-03-18T10:51:35,21,5,0,26
2023-03-18T11:00:55,21,5,0,26
2023-03-18T11:10:17,21,5,0,26
2023-03-18T11:19:38,21,5,0,26
2023-03-18T11:28:58,21,5,0,26
2023-03-18T11:38:19,21,5,0,26
2023-03-18T11:47:40,21,5,0,26
2023-03-18T11:56:59,21,5,0,26
2023-03-18T12:06:18,21,5,0,26
2023-03-18T12:15:37,21,5,0,26
2023-03-18T12:24:56,21,5,0,26
2023-03-18T12:34:16,21,5,0,26
2023-03-18T12:43:36,21,5,0,26
2023-03-18T12:52:56,21,5,0,26
2023-03-18T13:02:16,21,5,0,26
2023-03-18T13:11:46,21,5,0,26
2023-03-18T13:21:05,21,5,0,26
2023-03-18T13:30:25,21,5,0,26
2023-03-18T13:39:44,21,5,0,26
2023-03-18T13:49:05,21,5,0,26
2023-03-18T13:58:24,21,5,0,26
2023-03-18T14:07:43,21,5,0,26
2023-03-18T14:17:05,21,5,0,26
2023-03-18T14:26:25,21,5,0,26
2023-03-18T14:35:46,21,5,0,26
2023-03-18T14:45:05,21,5,0,26
2023-03-18T14:54:25,21,5,0,26
2023-03-18T15:03:45,21,5,0,26
2023-03-18T15:13:04,21,5,0,26
2023-03-18T15:22:24,21,5,0,26
2023-03-18T15:31:43,21,5,0,26
2023-03-18T15:41:02,21,5,0,26
2023-03-18T15:50:31,21,5,0,26
2023-03-18T15:59:50,21,5,0,26
2023-03-18T16:09:11,21,5,0,26
2023-03-18T16:18:31,21,5,0,26
2023-03-18T16:27:51,21,5,0,26
2023-03-18T16:37:10,21,5,0,26
2023-03-18T16:46:29,21,5,0,26
2023-03-18T16:55:49,21,5,0,26
2023-03-18T17:05:08,21,5,0,26
2023-03-18T17:14:29,21,5,0,26
2023-03-18T17:23:48,21,5,0,26
2023-03-18T17:33:08,21,5,0,26
2023-03-18T17:42:27,21,5,0,26
2023-03-18T17:51:56,21,5,0,26
2023-03-18T18:01:15,21,5,0,26
2023-03-18T18:10:35,21,5,0,26
2023-03-18T18:19:55,21,5,0,26
2023-03-18T18:29:14,21,5,0,26
2023-03-18T18:38:34,21,5,0,26
2023-03-18T18:47:54,21,5,0,26
2023-03-18T18:57:14,21,5,0,26
2023-03-18T19:06:34,21,5,0,26
2023-03-18T19:15:54,21,5,0,26
2023-03-18T19:25:13,21,5,0,26
2023-03-18T19:34:42,21,5,0,26
2023-03-18T19:44:01,21,5,0,26
2023-03-18T19:53:20,21,5,0,26
2023-03-18T20:02:40,21,5,0,26
2023-03-18T20:12:00,21,5,0,26
2023-03-18T20:21:20,21,5,0,26
2023-03-18T20:30:39,21,5,0,26
2023-03-18T20:39:58,21,5,0,26
2023-03-18T20:49:19,21,5,0,26
2023-03-18T20:58:38,21,5,0,26
2023-03-18T21:07:57,21,5,0,26
2023-03-18T21:17:17,21,5,0,26
2023-03-18T21:26:36,21,5,0,26
2023-03-18T21:36:05,21,5,0,26
2023-03-18T21:45:25,21,5,0,26
2023-03-18T21:54:44,21,5,0,26
2023-03-18T22:04:04,21,5,0,26
2023-03-18T22:13:23,21,5,0,26
2023-03-18T22:22:43,21,5,0,26
2023-03-18T22:32:03,21,5,0,26
2023-03-18T22:41:23,21,5,0,26
2023-03-18T22:50:42,21,5,0,26
2023-03-18T23:00:02,21,5,0,26
2023-03-18T23:09:23,21,5,0,26
2023-03-18T23:18:42,21,5,0,26
2023-03-18T23:28:01,21,5,0,26
2023-03-18T23:37:21,21,5,0,26
2023-03-18T23:46:52,21,5,0,26
2023-03-18T23:56:11,21,5,0,26
2023-03-19T00:05:31,21,5,0,26
2023-03-19T00:14:52,21,5,0,26
2023-03-19T00:24:12,21,5,0,26
2023-03-19T00:33:33,21,5,0,26
2023-03-19T01:14:13,21,5,0,26
2023-03-19T01:23:33,21,5,0,26
2023-03-19T01:32:51,21,5,0,26
2023-03-19T01:42:09,21,5,0,26
2023-03-19T01:51:28,21,5,0,26
2023-03-19T02:00:48,21,5,0,26
2023-03-19T02:10:10,21,5,0,26
2023-03-19T02:19:33,21,5,0,26
2023-03-19T02:29:55,21,5,0,26
2023-03-19T02:39:17,21,5,0,26
2023-03-19T02:48:48,21,5,0,26
2023-03-19T02:58:08,21,5,0,26
2023-03-19T03:07:31,21,5,0,26
2023-03-19T03:16:54,21,5,0,26
2023-03-19T03:26:17,21,5,0,26
2023-03-19T03:35:40,21,5,0,26
2023-03-19T03:45:02,21,5,0,26
2023-03-19T03:54:24,21,5,0,26
2023-03-19T04:03:45,21,5,0,26
2023-03-19T04:13:09,21,5,0,26
2023-03-19T04:32:20,21,5,0,26
2023-03-19T04:41:43,21,5,0,26
2023-03-19T04:51:06,21,5,0,26
2023-03-19T05:00:29,21,5,0,26
2023-03-19T05:09:51,21,5,0,26
2023-03-19T05:19:13,21,5,0,26
2023-03-19T05:28:36,21,5,0,26
2023-03-19T05:37:58,21,5,0,26
2023-03-19T05:47:20,21,5,0,26
2023-03-19T05:56:42,21,5,0,26
2023-03-19T06:06:03,21,5,0,26
2023-03-19T06:15:25,21,5,0,26
2023-03-19T06:24:46,21,5,0,26
2023-03-19T06:34:07,21,5,0,26
2023-03-19T06:43:28,21,5,0,26
2023-03-19T06:52:49,21,5,0,26
2023-03-19T07:02:10,21,5,0,26
2023-03-19T07:11:31,21,5,0,26
2023-03-19T07:20:51,21,5,0,26
2023-03-19T07:30:11,21,5,0,26
2023-03-19T07:39:34,21,5,0,26
2023-03-19T07:48:55,21,5,0,26
2023-03-19T07:58:14,21,5,0,26
2023-03-19T08:07:32,21,5,0,26
2023-03-19T08:16:50,21,5,0,26
2023-03-19T08:26:10,21,5,0,26
2023-03-19T08:35:29,21,5,0,26
2023-03-19T08:44:48,21,5,0,26
2023-03-19T08:54:07,21,5,0,26
2023-03-19T09:03:26,21,5,0,26
2023-03-19T09:12:45,21,5,0,26
2023-03-19T09:22:05,21,5,0,26
2023-03-19T09:31:25,21,5,0,26
2023-03-19T09:40:43,21,5,0,26
2023-03-19T09:50:02,21,5,0,26
2023-03-19T09:59:22,21,5,0,26
2023-03-19T10:08:41,21,5,0,26
2023-03-19T10:18:01,21,5,0,26
2023-03-19T10:27:20,21,5,0,26
2023-03-19T10:36:39,21,5,0,26
2023-03-19T10:46:02,21,5,0,26
2023-03-19T10:55:21,21,5,0,26
2023-03-19T11:04:42,21,5,0,26
2023-03-19T11:14:01,21,5,0,26
2023-03-19T11:23:29,21,5,0,26
2023-03-19T11:32:48,21,5,0,26
2023-03-19T11:42:08,21,5,0,26
2023-03-19T11:51:27,21,5,0,26
2023-03-19T12:00:46,21,5,0,26
2023-03-19T12:10:06,21,5,0,26
2023-03-19T12:19:25,21,5,0,26
2023-03-19T12:28:45,21,5,0,26
2023-03-19T12:38:04,21,5,0,26
2023-03-19T12:47:23,21,5,0,26
2023-03-19T12:56:42,21,5,0,26
2023-03-19T13:06:03,21,5,0,26
2023-03-19T13:15:23,21,5,0,26
2023-03-19T13:24:42,21,5,0,26
2023-03-19T13:34:01,21,5,0,26
2023-03-19T13:43:20,21,5,0,26
2023-03-19T13:52:39,21,5,0,26
2023-03-19T14:01:58,21,5,0,26
2023-03-19T14:11:27,21,5,0,26
2023-03-19T14:20:47,21,5,0,26
2023-03-19T14:30:05,21,5,0,26
2023-03-19T14:39:25,21,5,0,26
2023-03-19T14:48:43,21,5,0,26
2023-03-19T14:58:03,21,5,0,26
2023-03-19T15:07:22,21,5,0,26
2023-03-19T15:16:41,21,5,0,26
2023-03-19T15:26:01,21,5,0,26
2023-03-19T15:35:20,21,5,0,26
2023-03-19T15:44:41,21,5,0,26
2023-03-19T15:54:00,21,5,0,26
2023-03-19T16:03:20,21,5,0,26
2023-03-19T16:12:40,21,5,0,26
2023-03-19T16:22:09,21,5,0,26
2023-03-19T16:31:29,21,5,0,26
2023-03-19T16:40:49,21,5,0,26
2023-03-19T16:50:08,21,5,0,26
2023-03-19T16:59:27,21,5,0,26
2023-03-19T17:08:46,21,5,0,26
2023-03-19T17:18:06,21,5,0,26
2023-03-19T17:27:25,21,5,0,26
2023-03-19T17:36:45,21,5,0,26
2023-03-19T17:46:03,21,5,0,26
2023-03-19T17:55:22,21,5,0,26
2023-03-19T18:04:42,21,5,0,26
2023-03-19T18:14:01,21,5,0,26
2023-03-19T18:23:21,21,5,0,26
2023-03-19T18:32:40,21,5,0,26
2023-03-19T18:42:09,21,5,0,26
2023-03-19T18:51:28,21,5,0,26
2023-03-19T19:00:48,21,5,0,26
2023-03-19T19:10:11,21,5,0,26
2023-03-19T19:19:32,21,5,0,26
2023-03-19T19:28:52,21,5,0,26
2023-03-19T19:38:11,21,5,0,26
2023-03-19T19:47:30,21,5,0,26
2023-03-19T19:56:50,21,5,0,26
2023-03-19T20:06:10,21,5,0,26
2023-03-19T20:15:30,21,5,0,26
2023-03-19T20:24:49,21,5,0,26
2023-03-19T20:34:19,21,5,0,26
2023-03-19T20:43:38,21,5,0,26
2023-03-19T20:52:57,21,5,0,26
2023-03-19T21:02:17,21,5,0,26
2023-03-19T21:11:36,21,5,0,26
2023-03-19T21:20:57,21,5,0,26
2023-03-19T21:30:18,21,5,0,26
2023-03-19T21:39:38,21,5,0,26
2023-03-19T21:48:59,21,5,0,26
2023-03-19T21:58:20,21,5,0,26
2023-03-19T22:07:40,21,5,0,26
2023-03-19T22:17:00,21,5,0,26
2023-03-19T22:26:20,21,5,0,26
2023-03-19T22:35:50,21,5,0,26
2023-03-19T22:45:10,21,5,0,26
2023-03-19T22:54:30,21,5,0,26
2023-03-19T23:03:51,21,5,0,26
2023-03-19T23:13:12,21,5,0,26
2023-03-19T23:22:33,21,5,0,26
2023-03-19T23:31:54,21,5,0,26
2023-03-19T23:41:14,21,5,0,26
2023-03-19T23:50:34,21,5,0,26
2023-03-19T23:59:54,21,5,0,26
2023-03-20T00:09:17,21,5,0,26
2023-03-20T00:19:00,21,5,0,26
2023-03-20T00:28:28,21,5,0,26
2023-03-20T00:37:53,21,5,0,26
2023-03-20T00:47:15,21,5,0,26
2023-03-20T00:56:46,21,5,0,26
2023-03-20T01:06:11,21,5,0,26
2023-03-20T01:15:37,21,5,0,26
2023-03-20T01:25:00,21,5,0,26
2023-03-20T01:34:23,21,5,0,26
2023-03-20T01:43:45,21,5,0,26
2023-03-20T01:53:05,21,5,0,26
2023-03-20T02:02:27,21,5,0,26
2023-03-20T02:11:50,21,5,0,26
2023-03-20T02:21:13,21,5,0,26
2023-03-20T02:30:43,21,5,0,26
2023-03-20T02:40:04,21,5,0,26
2023-03-20T02:49:25,21,5,0,26
2023-03-20T02:58:46,21,5,0,26
2023-03-20T03:08:09,21,5,0,26
2023-03-20T03:17:31,21,5,0,26
2023-03-20T03:26:53,21,5,0,26
2023-03-20T03:36:15,21,5,0,26
2023-03-20T03:45:37,21,5,0,26
2023-03-20T03:54:58,21,5,0,26
2023-03-20T04:04:21,21,5,0,26
2023-03-20T04:21:59,21,5,0,26
2023-03-20T04:31:22,21,5,0,26
2023-03-20T04:40:46,21,5,0,26
2023-03-20T04:51:45,21,5,0,26
2023-03-20T05:01:07,21,5,0,26
2023-03-20T05:10:30,21,5,0,26
2023-03-20T05:19:54,21,5,0,26
2023-03-20T05:29:18,21,5,0,26
2023-03-20T05:38:41,21,5,0,26
2023-03-20T05:48:04,21,5,0,26
2023-03-20T05:57:28,21,5,0,26
2023-03-20T06:06:49,21,5,0,26
2023-03-20T06:16:12,21,5,0,26
2023-03-20T06:25:34,21,5,0,26
2023-03-20T06:34:55,21,5,0,26
2023-03-20T06:44:17,21,5,0,26
2023-03-20T06:53:39,21,5,0,26
2023-03-20T07:02:59,21,5,0,26
2023-03-20T07:12:20,21,5,0,26
2023-03-20T07:21:41,21,5,0,26
2023-03-20T07:31:01,21,5,0,26
2023-03-20T07:40:23,21,5,0,26
2023-03-20T07:49:43,21,5,0,26
2023-03-20T07:59:03,21,5,0,26
2023-03-20T08:08:24,21,5,0,26
2023-03-20T08:17:45,21,5,0,26
2023-03-20T08:27:06,21,5,0,26
2023-03-20T08:36:29,21,5,0,26
2023-03-20T08:45:51,21,5,0,26
2023-03-20T08:55:14,21,5,0,26
2023-03-20T09:04:40,21,5,0,26
2023-03-20T09:14:02,21,5,0,26
2023-03-20T09:23:39,21,5,0,26
2023-03-20T09:33:10,21,5,0,26
2023-03-20T09:42:40,21,5,0,26
2023-03-20T09:52:09,21,5,0,26
2023-03-20T10:01:41,21,5,0,26
2023-03-20T10:11:12,21,5,0,26
2023-03-20T10:20:43,21,5,0,26
2023-03-20T10:30:13,21,5,0,26
2023-03-20T10:39:44,21,5,0,26
2023-03-20T10:49:12,21,5,0,26
2023-03-20T10:58:38,21,5,0,26
2023-03-20T11:08:05,21,5,0,26
2023-03-20T11:17:44,21,5,0,26
2023-03-20T11:27:07,21,5,0,26
2023-03-20T11:36:30,21,5,0,26
2023-03-20T11:45:53,21,5,0,26
2023-03-20T11:55:16,21,5,0,26
2023-03-20T12:04:46,21,5,0,26
2023-03-20T12:14:10,21,5,0,26
2023-03-20T12:23:44,21,5,0,26
2023-03-20T12:33:07,21,5,0,26
2023-03-20T12:42:29,21,5,0,26
2023-03-20T12:51:53,21,5,0,26
2023-03-20T13:01:16,21,5,0,26
2023-03-20T13:10:39,21,5,0,26
2023-03-20T13:20:02,21,5,0,26
2023-03-20T13:29:34,21,5,0,26
2023-03-20T13:38:58,21,5,0,26
2023-03-20T13:48:22,21,5,0,26
2023-03-20T13:57:45,21,5,0,26
2023-03-20T14:07:08,21,5,0,26
2023-03-20T14:16:32,21,5,0,26
2023-03-20T14:25:55,21,5,0,26
2023-03-20T14:35:18,21,5,0,26
2023-03-20T14:44:52,21,5,0,26
2023-03-20T14:54:15,21,5,0,26
2023-03-20T15:03:39,21,5,0,26
2023-03-20T15:13:02,21,5,0,26
2023-03-20T15:22:24,21,5,0,26
2023-03-20T15:31:47,21,5,0,26
2023-03-20T15:41:10,21,5,0,26
2023-03-20T15:50:43,21,5,0,26
2023-03-20T16:00:06,21,5,0,26
2023-03-20T16:09:29,21,5,0,26
2023-03-20T16:18:50,21,5,0,26
2023-03-20T16:28:12,21,5,0,26
2023-03-20T16:37:34,21,5,0,26
2023-03-20T16:46:55,21,5,0,26
2023-03-20T16:56:16,21,5,0,26
2023-03-20T17:05:38,21,5,0,26
2023-03-20T17:15:11,21,5,0,26
2023-03-20T17:24:34,21,5,0,26
2023-03-20T17:33:55,21,5,0,26
2023-03-20T17:43:17,21,5,0,26
2023-03-20T17:52:38,21,5,0,26
2023-03-20T18:01:59,21,5,0,26
2023-03-20T18:11:20,21,5,0,26
2023-03-20T18:20:40,21,5,0,26
2023-03-20T18:30:13,21,5,0,26
2023-03-20T18:39:34,21,5,0,26
2023-03-20T18:48:56,21,5,0,26
2023-03-20T18:58:17,21,5,0,26
2023-03-20T19:07:38,21,5,0,26
2023-03-20T19:16:59,21,5,0,26
2023-03-20T19:26:19,21,5,0,26
2023-03-20T19:35:39,21,5,0,26
2023-03-20T19:44:58,21,5,0,26
2023-03-20T19:54:19,21,5,0,26
2023-03-20T20:03:40,21,5,0,26
2023-03-20T20:13:00,21,5,0,26
2023-03-20T20:22:32,21,5,0,26
2023-03-20T20:31:52,21,5,0,26
2023-03-20T20:41:12,21,5,0,26
2023-03-20T20:50:32,21,5,0,26
2023-03-20T20:59:53,21,5,0,26
2023-03-20T21:09:14,21,5,0,26
2023-03-20T21:18:34,21,5,0,26
2023-03-20T21:27:54,21,5,0,26
2023-03-20T21:37:15,21,5,0,26
2023-03-20T21:46:35,22,4,0,26
2023-03-20T21:55:55,22,4,0,26
2023-03-20T22:05:27,21,5,0,26
2023-03-20T22:14:47,21,5,0,26
2023-03-20T22:24:09,21,5,0,26
2023-03-20T22:33:31,21,5,0,26
2023-03-20T22:42:52,21,5,0,26
2023-03-20T22:52:12,21,5,0,26
2023-03-20T23:01:33,21,5,0,26
2023-03-20T23:10:54,21,5,0,26
2023-03-20T23:20:15,21,5,0,26
2023-03-20T23:29:35,21,5,0,26
2023-03-20T23:38:56,21,5,0,26
2023-03-20T23:48:17,21,5,0,26
2023-03-20T23:57:36,21,5,0,26
2023-03-21T00:07:01,21,5,0,26
2023-03-21T00:16:35,21,5,0,26
2023-03-21T00:25:58,21,5,0,26
2023-03-21T00:35:21,21,5,0,26
2023-03-21T00:44:43,21,5,0,26
2023-03-21T00:54:05,21,5,0,26
2023-03-21T01:03:28,21,5,0,26
2023-03-21T01:12:52,21,5,0,26
2023-03-21T01:22:14,21,5,0,26
2023-03-21T01:31:35,21,5,0,26
2023-03-21T01:40:57,21,5,0,26
2023-03-21T01:50:17,21,5,0,26
2023-03-21T01:59:38,21,5,0,26
2023-03-21T02:08:59,21,5,0,26
2023-03-21T02:18:19,21,5,0,26
2023-03-21T02:27:40,21,5,0,26
2023-03-21T02:37:04,21,5,0,26
2023-03-21T02:46:25,21,5,0,26
2023-03-21T02:55:46,21,5,0,26
2023-03-21T03:05:07,21,5,0,26
2023-03-21T03:14:39,21,5,0,26
2023-03-21T03:24:00,21,5,0,26
2023-03-21T03:33:21,21,5,0,26
2023-03-21T03:42:41,21,5,0,26
2023-03-21T03:52:02,21,5,0,26
2023-03-21T04:01:23,21,5,0,26
2023-03-21T04:21:02,21,5,0,26
2023-03-21T04:30:49,21,5,0,26
2023-03-21T04:40:14,21,5,0,26
2023-03-21T04:49:47,21,5,0,26
2023-03-21T04:59:11,21,5,0,26
2023-03-21T05:08:34,21,5,0,26
2023-03-21T05:17:57,21,5,0,26
2023-03-21T05:27:20,21,5,0,26
2023-03-21T05:36:44,21,5,0,26
2023-03-21T05:46:08,21,5,0,26
2023-03-21T05:55:30,21,5,0,26
2023-03-21T06:04:52,21,5,0,26
2023-03-21T06:14:15,21,5,0,26
2023-03-21T06:23:38,21,5,0,26
2023-03-21T06:32:59,21,5,0,26
2023-03-21T06:42:21,21,5,0,26
2023-03-21T06:51:43,21,5,0,26
2023-03-21T07:01:05,21,5,0,26
2023-03-21T07:10:30,21,5,0,26
2023-03-21T07:19:52,21,5,0,26
2023-03-21T07:29:14,21,5,0,26
2023-03-21T07:38:37,21,5,0,26
2023-03-21T07:48:04,21,5,0,26
2023-03-21T07:57:26,21,5,0,26
2023-03-21T08:06:49,21,5,0,26
2023-03-21T08:16:11,21,5,0,26
2023-03-21T08:25:34,21,5,0,26
2023-03-21T08:34:57,21,5,0,26
2023-03-21T08:44:31,21,5,0,26
2023-03-21T08:53:54,21,5,0,26
2023-03-21T09:03:16,21,5,0,26
2023-03-21T09:12:40,21,5,0,26
2023-03-21T09:22:03,21,5,0,26
2023-03-21T09:31:25,21,5,0,26
2023-03-21T09:40:47,21,5,0,26
2023-03-21T09:50:09,21,5,0,26
2023-03-21T09:59:32,21,5,0,26
2023-03-21T10:08:56,21,5,0,26
2023-03-21T10:18:19,21,5,0,26
2023-03-21T10:27:41,21,5,0,26
2023-03-21T10:37:13,21,5,0,26
2023-03-21T10:46:36,21,5,0,26
2023-03-21T10:55:59,21,5,0,26
2023-03-21T11:05:23,21,5,0,26
2023-03-21T11:14:45,21,5,0,26
2023-03-21T11:24:08,21,5,0,26
2023-03-21T11:33:31,21,5,0,26
2023-03-21T11:42:53,21,5,0,26
2023-03-21T11:52:27,21,5,0,26
2023-03-21T12:01:51,21,5,0,26
2023-03-21T12:11:14,21,5,0,26
2023-03-21T12:20:37,21,5,0,26
2023-03-21T12:30:01,21,5,0,26
2023-03-21T12:39:23,21,5,0,26
2023-03-21T12:49:01,21,5,0,26
2023-03-21T12:58:24,21,5,0,26
2023-03-21T13:07:47,21,5,0,26
2023-03-21T13:17:10,21,5,0,26
2023-03-21T13:26:33,21,5,0,26
2023-03-21T13:35:56,21,5,0,26
2023-03-21T13:45:18,21,5,0,26
2023-03-21T13:54:42,21,5,0,26
2023-03-21T14:04:18,21,5,0,26
2023-03-21T14:13:42,21,5,0,26
2023-03-21T14:23:05,21,5,0,26
2023-03-21T14:32:28,21,5,0,26
2023-03-21T14:41:52,21,5,0,26
2023-03-21T14:51:16,21,5,0,26
2023-03-21T15:00:58,21,5,0,26
2023-03-21T15:10:21,21,5,0,26
2023-03-21T15:19:43,21,5,0,26
2023-03-21T15:29:06,21,5,0,26
2023-03-21T15:38:29,21,5,0,26
2023-03-21T15:47:51,21,5,0,26
2023-03-21T15:57:14,21,5,0,26
2023-03-21T16:06:36,21,5,0,26
2023-03-21T16:15:59,21,5,0,26
2023-03-21T16:25:21,21,5,0,26
2023-03-21T16:34:42,21,5,0,26
2023-03-21T16:44:15,21,5,0,26
2023-03-21T16:53:37,21,5,0,26
2023-03-21T17:02:58,21,5,0,26
2023-03-21T17:12:20,21,5,0,26
2023-03-21T17:21:42,21,5,0,26
2023-03-21T17:31:03,21,5,0,26
2023-03-21T17:40:24,21,5,0,26
2023-03-21T17:49:49,21,5,0,26
2023-03-21T17:59:11,21,5,0,26
2023-03-21T18:08:34,21,5,0,26
2023-03-21T18:18:17,21,5,0,26
2023-03-21T18:27:42,21,5,0,26
2023-03-21T18:37:05,21,5,0,26
2023-03-21T18:46:28,21,5,0,26
2023-03-21T18:55:51,21,5,0,26
2023-03-21T19:05:15,21,5,0,26
2023-03-21T19:14:37,21,5,0,26
2023-03-21T19:23:58,21,5,0,26
2023-03-21T19:33:29,21,5,0,26
2023-03-21T19:42:49,21,5,0,26
2023-03-21T19:52:10,21,5,0,26
2023-03-21T20:01:32,21,5,0,26
2023-03-21T20:10:52,21,5,0,26
2023-03-21T20:20:13,21,5,0,26
2023-03-21T20:29:33,21,5,0,26
2023-03-21T20:38:54,21,5,0,26
2023-03-21T20:48:14,21,5,0,26
2023-03-21T20:57:33,21,5,0,26
2023-03-21T21:07:10,21,5,0,26
2023-03-21T21:16:31,21,5,0,26
2023-03-21T21:25:53,21,5,0,26
2023-03-21T21:35:13,21,5,0,26
2023-03-21T21:44:34,21,5,0,26
2023-03-21T21:53:55,21,5,0,26
2023-03-21T22:03:15,21,5,0,26
2023-03-21T22:12:35,21,5,0,26
2023-03-21T22:21:55,21,5,0,26
2023-03-21T22:31:16,21,5,0,26
2023-03-21T22:40:37,21,5,0,26
2023-03-21T22:50:08,21,5,0,26
2023-03-21T22:59:29,21,5,0,26
2023-03-21T23:08:51,21,5,0,26
2023-03-21T23:18:13,21,5,0,26
2023-03-21T23:27:34,21,5,0,26
2023-03-21T23:36:55,21,5,0,26
2023-03-21T23:46:16,21,5,0,26
2023-03-21T23:55:36,21,5,0,26
2023-03-22T00:05:15,21,5,0,26
2023-03-22T00:14:37,21,5,0,26
2023-03-22T00:24:00,21,5,0,26
2023-03-22T00:33:23,21,5,0,26
2023-03-22T00:42:45,21,5,0,26
2023-03-22T00:52:08,21,5,0,26
2023-03-22T01:01:32,21,5,0,26
2023-03-22T01:10:56,21,5,0,26
2023-03-22T01:20:20,21,5,0,26
2023-03-22T01:29:42,21,5,0,26
2023-03-22T01:39:04,21,5,0,26
2023-03-22T01:48:26,21,5,0,26
2023-03-22T01:57:48,21,5,0,26
2023-03-22T02:07:20,21,5,0,26
2023-03-22T02:16:41,21,5,0,26
2023-03-22T02:26:02,21,5,0,26
2023-03-22T02:35:24,21,5,0,26
2023-03-22T02:44:45,21,5,0,26
2023-03-22T02:54:05,21,5,0,26
2023-03-22T03:03:29,21,5,0,26
2023-03-22T03:12:53,21,5,0,26
2023-03-22T03:22:17,21,5,0,26
2023-03-22T03:31:41,21,5,0,26
2023-03-22T03:41:06,21,5,0,26
2023-03-22T03:50:29,21,5,0,26
2023-03-22T03:59:52,21,5,0,26
2023-03-22T04:09:15,21,5,0,26
2023-03-22T04:36:19,21,5,0,26
2023-03-22T04:45:45,21,5,0,26
2023-03-22T04:55:08,21,5,0,26
2023-03-22T05:04:31,21,5,0,26
2023-03-22T05:13:54,21,5,0,26
2023-03-22T05:23:17,21,5,0,26
2023-03-22T05:32:40,21,5,0,26
2023-03-22T05:43:36,21,5,0,26
2023-03-22T05:53:20,21,5,0,26
2023-03-22T06:02:44,21,5,0,26
2023-03-22T06:12:08,21,5,0,26
2023-03-22T06:21:33,21,5,0,26
2023-03-22T06:30:57,21,5,0,26
2023-03-22T06:40:20,21,5,0,26
2023-03-22T06:49:43,21,5,0,26
2023-03-22T06:59:05,21,5,0,26
2023-03-22T07:08:28,21,5,0,26
2023-03-22T07:17:52,21,5,0,26
2023-03-22T07:27:18,21,5,0,26
2023-03-22T07:36:50,21,5,0,26
2023-03-22T07:46:13,21,5,0,26
2023-03-22T07:55:35,21,5,0,26
2023-03-22T08:04:58,21,5,0,26
2023-03-22T08:14:19,21,5,0,26
2023-03-22T08:23:41,21,5,0,26
2023-03-22T08:33:04,21,5,0,26
2023-03-22T08:42:25,21,5,0,26
2023-03-22T08:51:47,21,5,0,26
2023-03-22T09:01:10,21,5,0,26
2023-03-22T09:10:32,21,5,0,26
2023-03-22T09:19:53,21,5,0,26
2023-03-22T09:29:15,21,5,0,26
2023-03-22T09:38:37,21,5,0,26
2023-03-22T09:48:01,21,5,0,26
2023-03-22T09:57:22,21,5,0,26
2023-03-22T10:06:45,21,5,0,26
2023-03-22T10:16:07,21,5,0,26
2023-03-22T10:25:42,21,5,0,26
2023-03-22T10:35:05,21,5,0,26
2023-03-22T10:44:27,21,5,0,26
2023-03-22T10:53:50,21,5,0,26
2023-03-22T11:03:13,21,5,0,26
2023-03-22T11:12:35,21,5,0,26
2023-03-22T11:21:58,21,5,0,26
2023-03-22T11:31:20,21,5,0,26
2023-03-22T11:40:43,21,5,0,26
2023-03-22T11:50:05,21,5,0,26
2023-03-22T11:59:28,21,5,0,26
2023-03-22T12:09:08,21,5,0,26
2023-03-22T12:18:31,21,5,0,26
2023-03-22T12:27:55,21,5,0,26
2023-03-22T12:37:18,21,5,0,26
2023-03-22T12:46:41,21,5,0,26
2023-03-22T12:56:05,21,5,0,26
2023-03-22T13:05:29,21,5,0,26
2023-03-22T13:14:52,21,5,0,26
2023-03-22T13:24:17,21,5,0,26
2023-03-22T13:33:43,21,5,0,26
2023-03-22T13:43:17,21,5,0,26
2023-03-22T13:52:41,21,5,0,26
2023-03-22T14:02:05,21,5,0,26
2023-03-22T14:11:29,21,5,0,26
2023-03-22T14:20:53,21,5,0,26
2023-03-22T14:30:17,21,5,0,26
2023-03-22T14:39:40,21,5,0,26
2023-03-22T14:49:03,21,5,0,26
2023-03-22T14:58:27,21,5,0,26
2023-03-22T15:08:02,21,5,0,26
2023-03-22T15:17:26,21,5,0,26
2023-03-22T15:26:51,21,5,0,26
2023-03-22T15:36:15,21,5,0,26
2023-03-22T15:45:39,21,5,0,26
2023-03-22T15:55:02,21,5,0,26
2023-03-22T16:04:26,21,5,0,26
2023-03-22T16:13:49,21,5,0,26
2023-03-22T16:23:11,21,5,0,26
2023-03-22T16:32:44,21,5,0,26
2023-03-22T16:42:06,21,5,0,26
2023-03-22T16:51:29,21,5,0,26
2023-03-22T17:00:51,21,5,0,26
2023-03-22T17:10:14,21,5,0,26
2023-03-22T17:19:38,21,5,0,26
2023-03-22T17:29:00,21,5,0,26
2023-03-22T17:38:21,21,5,0,26
2023-03-22T17:47:44,21,5,0,26
2023-03-22T17:57:04,21,5,0,26
2023-03-22T18:06:26,21,5,0,26
2023-03-22T18:16:00,21,5,0,26
2023-03-22T18:25:22,21,5,0,26
2023-03-22T18:34:44,21,5,0,26
2023-03-22T18:44:05,21,5,0,26
2023-03-22T18:53:26,21,5,0,26
2023-03-22T19:02:48,21,5,0,26
2023-03-22T19:12:10,21,5,0,26
2023-03-22T19:21:31,21,5,0,26
2023-03-22T19:30:52,21,5,0,26
2023-03-22T19:40:14,21,5,0,26
2023-03-22T19:49:44,21,5,0,26
2023-03-22T19:59:05,21,5,0,26
2023-03-22T20:08:26,21,5,0,26
2023-03-22T20:17:47,21,5,0,26
2023-03-22T20:27:08,21,5,0,26
2023-03-22T20:36:28,21,5,0,26
2023-03-22T20:45:50,21,5,0,26
2023-03-22T20:55:12,21,5,0,26
2023-03-22T21:04:33,21,5,0,26
2023-03-22T21:13:55,21,5,0,26
2023-03-22T21:23:16,21,5,0,26
2023-03-22T21:32:38,21,5,0,26
2023-03-22T21:42:09,21,5,0,26
2023-03-22T21:51:30,21,5,0,26
2023-03-22T22:00:51,21,5,0,26
2023-03-22T22:10:12,21,5,0,26
2023-03-22T22:19:35,21,5,0,26
2023-03-22T22:28:55,21,5,0,26
2023-03-22T22:38:17,21,5,0,26
2023-03-22T22:47:38,21,5,0,26
2023-03-22T22:56:59,21,5,0,26
2023-03-22T23:06:22,21,5,0,26
2023-03-22T23:15:44,21,5,0,26
2023-03-22T23:25:16,21,5,0,26
2023-03-22T23:34:38,21,5,0,26
2023-03-22T23:44:00,21,5,0,26
2023-03-22T23:53:22,21,5,0,26
2023-03-23T00:02:49,21,5,0,26
2023-03-23T00:12:18,21,5,0,26
2023-03-23T00:21:43,21,5,0,26
2023-03-23T00:31:06,21,5,0,26
2023-03-23T00:40:30,21,5,0,26
2023-03-23T00:49:53,21,5,0,26
2023-03-23T00:59:16,21,5,0,26
2023-03-23T01:08:40,21,5,0,26
2023-03-23T01:18:15,21,5,0,26
2023-03-23T01:27:38,21,5,0,26
2023-03-23T01:37:00,21,5,0,26
2023-03-23T01:46:23,21,5,0,26
2023-03-23T01:55:47,21,5,0,26
2023-03-23T02:05:09,21,5,0,26
2023-03-23T02:14:30,21,5,0,26
2023-03-23T02:23:51,21,5,0,26
2023-03-23T02:33:16,21,5,0,26
2023-03-23T02:42:37,21,5,0,26
2023-03-23T02:51:56,21,5,0,26
2023-03-23T03:01:16,21,5,0,26
2023-03-23T03:10:37,21,5,0,26
2023-03-23T03:20:00,21,5,0,26
2023-03-23T03:29:21,21,5,0,26
2023-03-23T03:38:46,21,5,0,26
2023-03-23T03:48:09,21,5,0,26
2023-03-23T03:57:32,21,5,0,26
2023-03-23T04:08:35,21,5,0,26
2023-03-23T04:19:46,21,5,0,26
2023-03-23T04:29:34,21,5,0,26
2023-03-23T04:38:58,22,4,0,26
2023-03-23T04:48:22,22,4,0,26
2023-03-23T04:57:44,22,4,0,26
2023-03-23T05:07:08,22,4,0,26
2023-03-23T05:16:33,22,4,0,26
2023-03-23T05:25:57,22,4,0,26
2023-03-23T05:35:21,22,4,0,26
2023-03-23T05:44:44,22,4,0,26
2023-03-23T05:54:07,22,4,0,26
2023-03-23T06:03:29,22,4,0,26
2023-03-23T06:12:51,22,4,0,26
2023-03-23T06:22:14,22,4,0,26
2023-03-23T06:31:37,22,4,0,26
2023-03-23T06:40:59,22,4,0,26
2023-03-23T06:50:21,22,4,0,26
2023-03-23T06:59:42,22,4,0,26
2023-03-23T07:09:05,22,4,0,26
2023-03-23T07:18:27,22,4,0,26
2023-03-23T07:27:49,22,4,0,26
2023-03-23T07:37:16,22,4,0,26
2023-03-23T07:46:39,22,4,0,26
2023-03-23T07:56:02,22,4,0,26
2023-03-23T08:05:25,22,4,0,26
2023-03-23T08:14:57,22,4,0,26
2023-03-23T08:24:19,22,4,0,26
2023-03-23T08:33:44,22,4,0,26
2023-03-23T08:43:09,22,4,0,26
2023-03-23T08:52:32,22,4,0,26
2023-03-23T09:01:55,22,4,0,26
2023-03-23T09:11:18,22,4,0,26
2023-03-23T09:20:39,22,4,0,26
2023-03-23T09:30:02,22,4,0,26
2023-03-23T09:39:24,22,4,0,26
2023-03-23T09:48:46,22,4,0,26
2023-03-23T09:58:09,22,4,0,26
2023-03-23T10:07:32,22,4,0,26
2023-03-23T10:17:14,22,4,0,26
2023-03-23T10:26:38,22,4,0,26
2023-03-23T10:36:01,22,4,0,26
2023-03-23T10:45:24,22,4,0,26
2023-03-23T10:54:48,22,4,0,26
2023-03-23T11:04:12,22,4,0,26
2023-03-23T11:13:35,22,4,0,26
2023-03-23T11:23:00,22,4,0,26
2023-03-23T11:32:29,22,4,0,26
2023-03-23T11:42:11,22,4,0,26
2023-03-23T11:51:38,22,4,0,26
2023-03-23T12:01:03,22,4,0,26
2023-03-23T12:10:28,22,4,0,26
2023-03-23T12:20:03,22,4,0,26
2023-03-23T12:29:27,22,4,0,26
2023-03-23T12:38:52,22,4,0,26
2023-03-23T12:48:16,22,4,0,26
2023-03-23T12:57:39,22,4,0,26
2023-03-23T13:07:05,22,4,0,26
2023-03-23T13:16:40,22,4,0,26
2023-03-23T13:26:04,22,4,0,26
2023-03-23T13:35:27,22,4,0,26
2023-03-23T13:44:51,22,4,0,26
2023-03-23T13:54:16,22,4,0,26
2023-03-23T14:03:51,22,4,0,26
2023-03-23T14:13:14,22,4,0,26
2023-03-23T14:22:39,22,4,0,26
2023-03-23T14:32:03,22,4,0,26
2023-03-23T14:41:45,22,4,0,26
2023-03-23T14:51:09,22,4,0,26
2023-03-23T15:00:32,22,4,0,26
2023-03-23T15:10:02,22,4,0,26
2023-03-23T15:19:26,22,4,0,26
2023-03-23T15:28:49,22,4,0,26
2023-03-23T15:38:13,22,4,0,26
2023-03-23T15:47:46,22,4,0,26
2023-03-23T15:57:08,22,4,0,26
2023-03-23T16:06:30,22,4,0,26
2023-03-23T16:15:52,22,4,0,26
2023-03-23T16:25:14,22,4,0,26
2023-03-23T16:34:37,22,4,0,26
2023-03-23T16:44:00,22,4,0,26
2023-03-23T16:53:21,22,4,0,26
2023-03-23T17:02:53,22,4,0,26
2023-03-23T17:12:16,22,4,0,26
2023-03-23T17:21:39,22,4,0,26
2023-03-23T17:31:01,22,4,0,26
2023-03-23T17:40:23,22,4,0,26
2023-03-23T17:49:45,22,4,0,26
2023-03-23T17:59:07,22,4,0,26
2023-03-23T18:08:29,22,4,0,26
2023-03-23T18:18:12,22,4,0,26
2023-03-23T18:27:33,22,4,0,26
2023-03-23T18:36:54,22,4,0,26
2023-03-23T18:46:16,22,4,0,26
2023-03-23T18:55:39,22,4,0,26
2023-03-23T19:05:01,22,4,0,26
2023-03-23T19:14:22,22,4,0,26
2023-03-23T19:23:44,22,4,0,26
2023-03-23T19:33:07,22,4,0,26
2023-03-23T19:42:28,22,4,0,26
2023-03-23T19:52:00,22,4,0,26
2023-03-23T20:01:21,22,4,0,26
2023-03-23T20:10:42,22,4,0,26
2023-03-23T20:20:03,22,4,0,26
2023-03-23T20:29:25,22,4,0,26
2023-03-23T20:38:48,22,4,0,26
2023-03-23T20:48:09,22,4,0,26
2023-03-23T20:57:30,22,4,0,26
2023-03-23T21:06:51,22,4,0,26
2023-03-23T21:16:22,22,4,0,26
2023-03-23T21:25:43,22,4,0,26
2023-03-23T21:35:04,22,4,0,26
2023-03-23T21:44:26,22,4,0,26
2023-03-23T21:53:47,22,4,0,26
2023-03-23T22:03:08,22,4,0,26
2023-03-23T22:12:30,22,4,0,26
2023-03-23T22:22:02,22,4,0,26
2023-03-23T22:31:23,22,4,0,26
2023-03-23T22:40:45,22,4,0,26
2023-03-23T22:50:05,22,4,0,26
2023-03-23T22:59:26,22,4,0,26
2023-03-23T23:08:48,22,4,0,26
2023-03-23T23:18:09,22,4,0,26
2023-03-23T23:27:31,22,4,0,26
2023-03-23T23:36:52,22,4,0,26
2023-03-23T23:46:14,22,4,0,26
2023-03-23T23:55:36,22,4,0,26
2023-03-24T00:05:11,22,4,0,26
2023-03-24T00:14:43,21,5,0,26
2023-03-24T00:24:07,21,5,0,26
2023-03-24T00:33:29,21,5,0,26
2023-03-24T00:42:52,21,5,0,26
2023-03-24T00:52:15,21,5,0,26
2023-03-24T01:01:40,21,5,0,26
2023-03-24T01:11:06,21,5,0,26
2023-03-24T01:20:31,21,5,0,26
2023-03-24T01:29:54,21,5,0,26
2023-03-24T01:39:16,21,5,0,26
2023-03-24T01:48:38,21,5,0,26
2023-03-24T01:58:00,21,5,0,26
2023-03-24T02:07:22,21,5,0,26
2023-03-24T02:16:44,21,5,0,26
2023-03-24T02:26:05,21,5,0,26
2023-03-24T02:35:41,21,5,0,26
2023-03-24T02:45:05,21,5,0,26
2023-03-24T02:54:28,21,5,0,26
2023-03-24T03:03:51,21,5,0,26
2023-03-24T03:13:18,21,5,0,26
2023-03-24T03:22:41,21,5,0,26
2023-03-24T03:32:04,21,5,0,26
2023-03-24T03:41:26,21,5,0,26
2023-03-24T03:50:50,21,5,0,26
2023-03-24T04:00:12,21,5,0,26
2023-03-24T04:09:34,21,5,0,26
2023-03-24T04:18:58,21,5,0,26
2023-03-24T04:38:01,21,5,0,26
2023-03-24T04:47:59,21,5,0,26
2023-03-24T04:57:37,21,5,0,26
2023-03-24T05:07:21,21,5,0,26
2023-03-24T05:16:58,21,5,0,26
2023-03-24T05:26:33,21,5,0,26
2023-03-24T05:36:09,21,5,0,26
2023-03-24T05:45:41,21,5,0,26
2023-03-24T05:55:17,21,5,0,26
2023-03-24T06:04:51,21,5,0,26
2023-03-24T06:14:21,21,5,0,26
2023-03-24T06:23:53,21,5,0,26
2023-03-24T06:33:27,21,5,0,26
2023-03-24T06:43:01,21,5,0,26
2023-03-24T06:52:33,21,5,0,26
2023-03-24T07:02:04,21,5,0,26
2023-03-24T07:11:38,21,5,0,26
2023-03-24T07:21:10,21,5,0,26
2023-03-24T07:30:43,21,5,0,26
2023-03-24T07:40:22,21,5,0,26
2023-03-24T07:50:04,21,5,0,26
2023-03-24T07:59:33,21,5,0,26
2023-03-24T08:09:00,21,5,0,26
2023-03-24T08:18:33,21,5,0,26
2023-03-24T08:27:56,21,5,0,26
2023-03-24T08:37:17,21,5,0,26
2023-03-24T08:46:39,21,5,0,26
2023-03-24T08:56:00,21,5,0,26
2023-03-24T09:05:22,21,5,0,26
2023-03-24T09:15:04,21,5,0,26
2023-03-24T09:24:26,21,5,0,26
2023-03-24T09:33:58,21,5,0,26
2023-03-24T09:43:20,21,5,0,26
2023-03-24T09:52:50,21,5,0,26
2023-03-24T10:02:13,21,5,0,26
2023-03-24T10:11:46,21,5,0,26
2023-03-24T10:21:08,21,5,0,26
2023-03-24T10:30:32,21,5,0,26
2023-03-24T10:39:55,21,5,0,26
2023-03-24T10:49:29,21,5,0,26
2023-03-24T10:58:52,21,5,0,26
2023-03-24T11:08:15,21,5,0,26
2023-03-24T11:17:40,21,5,0,26
2023-03-24T11:27:15,21,5,0,26
2023-03-24T11:36:39,21,5,0,26
2023-03-24T11:46:02,21,5,0,26
2023-03-24T11:55:25,21,5,0,26
2023-03-24T12:04:49,21,5,0,26
2023-03-24T12:14:12,21,5,0,26
2023-03-24T12:23:35,21,5,0,26
2023-03-24T12:33:02,21,5,0,26
2023-03-24T12:42:26,21,5,0,26
2023-03-24T12:51:51,21,5,0,26
2023-03-24T13:01:31,21,5,0,26
2023-03-24T13:11:01,21,5,0,26
2023-03-24T13:20:30,21,5,0,26
2023-03-24T13:30:00,21,5,0,26
2023-03-24T13:39:29,21,5,0,26
2023-03-24T13:49:01,21,5,0,26
2023-03-24T13:58:32,21,5,0,26
2023-03-24T14:08:06,21,5,0,26
2023-03-24T14:17:36,21,5,0,26
2023-03-24T14:27:06,21,5,0,26
2023-03-24T14:36:43,21,5,0,26
2023-03-24T14:46:10,21,5,0,26
2023-03-24T14:55:34,21,5,0,26
2023-03-24T15:04:59,21,5,0,26
2023-03-24T15:14:24,21,5,0,26
2023-03-24T15:23:47,21,5,0,26
2023-03-24T15:33:11,21,5,0,26
2023-03-24T15:42:35,21,5,0,26
2023-03-24T15:51:57,21,5,0,26
2023-03-24T16:01:21,21,5,0,26
2023-03-24T16:10:57,21,5,0,26
2023-03-24T16:20:20,21,5,0,26
2023-03-24T16:29:42,21,5,0,26
2023-03-24T16:39:05,21,5,0,26
2023-03-24T16:48:26,21,5,0,26
2023-03-24T16:57:48,21,5,0,26
2023-03-24T17:07:11,21,5,0,26
2023-03-24T17:16:34,21,5,0,26
2023-03-24T17:25:55,21,5,0,26
2023-03-24T17:35:17,21,5,0,26
2023-03-24T17:44:38,21,5,0,26
2023-03-24T17:54:12,21,5,0,26
2023-03-24T18:03:35,21,5,0,26
2023-03-24T18:12:55,21,5,0,26
2023-03-24T18:22:17,21,5,0,26
2023-03-24T18:31:38,21,5,0,26
2023-03-24T18:41:05,21,5,0,26
2023-03-24T18:50:26,21,5,0,26
2023-03-24T18:59:47,21,5,0,26
2023-03-24T19:09:10,21,5,0,26
2023-03-24T19:18:31,21,5,0,26
2023-03-24T19:28:03,21,5,0,26
2023-03-24T19:37:23,21,5,0,26
2023-03-24T19:46:45,21,5,0,26
2023-03-24T19:56:06,21,5,0,26
2023-03-24T20:05:27,21,5,0,26
2023-03-24T20:14:48,21,5,0,26
2023-03-24T20:24:09,21,5,0,26
2023-03-24T20:33:30,21,5,0,26
2023-03-24T20:42:51,21,5,0,26
2023-03-24T20:52:11,21,5,0,26
2023-03-24T21:01:32,21,5,0,26
2023-03-24T21:10:54,21,5,0,26
2023-03-24T21:20:14,21,5,0,26
2023-03-24T21:29:35,21,5,0,26
2023-03-24T21:38:57,21,5,0,26
2023-03-24T21:48:29,21,5,0,26
2023-03-24T21:57:50,21,5,0,26
2023-03-24T22:07:11,21,5,0,26
2023-03-24T22:16:33,21,5,0,26
2023-03-24T22:25:54,21,5,0,26
2023-03-24T22:35:16,21,5,0,26
2023-03-24T22:44:37,21,5,0,26
2023-03-24T22:53:59,21,5,0,26
2023-03-24T23:03:21,21,5,0,26
2023-03-24T23:12:43,21,5,0,26
2023-03-24T23:22:04,21,5,0,26
2023-03-24T23:31:37,21,5,0,26
2023-03-24T23:41:00,21,5,0,26
2023-03-24T23:50:21,21,5,0,26
2023-03-24T23:59:43,21,5,0,26
2023-03-25T00:09:06,21,5,0,26
2023-03-25T00:19:00,21,5,0,26
2023-03-25T00:28:24,21,5,0,26
2023-03-25T00:37:48,21,5,0,26
2023-03-25T00:47:12,21,5,0,26
2023-03-25T00:56:36,21,5,0,26
2023-03-25T01:06:05,21,5,0,26
2023-03-25T01:15:31,21,5,0,26
2023-03-25T01:25:08,21,5,0,26
2023-03-25T01:34:33,21,5,0,26
2023-03-25T01:43:56,21,5,0,26
2023-03-25T01:53:19,21,5,0,26
2023-03-25T02:02:42,21,5,0,26
2023-03-25T02:12:03,21,5,0,26
2023-03-25T02:21:24,21,5,0,26
2023-03-25T02:30:45,21,5,0,26
2023-03-25T02:40:06,21,5,0,26
2023-03-25T02:49:26,21,5,0,26
2023-03-25T02:58:46,21,5,0,26
2023-03-25T03:08:08,21,5,0,26
2023-03-25T03:17:30,21,5,0,26
2023-03-25T03:26:52,21,5,0,26
2023-03-25T03:36:24,21,5,0,26
2023-03-25T03:45:46,21,5,0,26
2023-03-25T03:55:08,21,5,0,26
2023-03-25T04:04:30,21,5,0,26
2023-03-25T04:30:28,21,5,0,26
2023-03-25T04:39:54,21,5,0,26
2023-03-25T04:49:18,21,5,0,26
2023-03-25T04:58:41,21,5,0,26
2023-03-25T05:08:04,21,5,0,26
2023-03-25T05:17:27,21,5,0,26
2023-03-25T05:26:50,21,5,0,26
2023-03-25T05:36:14,21,5,0,26
2023-03-25T05:45:38,21,5,0,26
2023-03-25T05:55:02,21,5,0,26
2023-03-25T06:04:26,21,5,0,26
2023-03-25T06:13:58,21,5,0,26
2023-03-25T06:23:24,21,5,0,26
2023-03-25T06:32:46,21,5,0,26
2023-03-25T06:42:09,21,5,0,26
2023-03-25T06:51:32,21,5,0,26
2023-03-25T07:00:55,21,5,0,26
2023-03-25T07:10:20,21,5,0,26
2023-03-25T07:19:43,21,5,0,26
2023-03-25T07:29:05,21,5,0,26
2023-03-25T07:38:29,21,5,0,26
2023-03-25T07:47:52,21,5,0,26
2023-03-25T07:57:16,21,5,0,26
2023-03-25T08:06:40,21,5,0,26
2023-03-25T08:16:04,21,5,0,26
2023-03-25T08:25:28,21,5,0,26
2023-03-25T08:34:51,21,5,0,26
2023-03-25T08:44:14,21,5,0,26
2023-03-25T08:53:47,21,5,0,26
2023-03-25T09:03:09,21,5,0,26
2023-03-25T09:12:32,21,5,0,26
2023-03-25T09:21:55,21,5,0,26
2023-03-25T09:31:18,21,5,0,26
2023-03-25T09:40:40,21,5,0,26
2023-03-25T09:50:04,21,5,0,26
2023-03-25T09:59:26,21,5,0,26
2023-03-25T10:08:49,21,5,0,26
2023-03-25T10:18:12,21,5,0,26
2023-03-25T10:27:35,21,5,0,26
2023-03-25T10:36:57,21,5,0,26
2023-03-25T10:46:20,21,5,0,26
2023-03-25T10:55:46,21,5,0,26
2023-03-25T11:05:09,21,5,0,26
2023-03-25T11:14:32,21,5,0,26
2023-03-25T11:24:04,21,5,0,26
2023-03-25T11:33:27,21,5,0,26
2023-03-25T11:42:50,21,5,0,26
2023-03-25T11:52:13,21,5,0,26
2023-03-25T12:01:35,21,5,0,26
2023-03-25T12:10:57,21,5,0,26
2023-03-25T12:20:20,21,5,0,26
2023-03-25T12:29:42,21,5,0,26
2023-03-25T12:39:03,21,5,0,26
2023-03-25T12:48:23,21,5,0,26
2023-03-25T12:57:44,21,5,0,26
2023-03-25T13:07:05,21,5,0,26
2023-03-25T13:16:26,21,5,0,26
2023-03-25T13:25:46,21,5,0,26
2023-03-25T13:35:07,21,5,0,26
2023-03-25T13:44:28,21,5,0,26
2023-03-25T13:53:58,21,5,0,26
2023-03-25T14:03:19,21,5,0,26
2023-03-25T14:12:40,21,5,0,26
2023-03-25T14:22:01,21,5,0,26
2023-03-25T14:31:22,21,5,0,26
2023-03-25T14:40:42,21,5,0,26
2023-03-25T14:50:03,21,5,0,26
2023-03-25T14:59:24,21,5,0,26
2023-03-25T15:08:45,21,5,0,26
2023-03-25T15:18:06,21,5,0,26
2023-03-25T15:27:26,21,5,0,26
2023-03-25T15:36:47,21,5,0,26
2023-03-25T15:46:08,21,5,0,26
2023-03-25T15:55:28,21,5,0,26
2023-03-25T16:04:49,21,5,0,26
2023-03-25T16:14:09,21,5,0,26
2023-03-25T16:23:39,21,5,0,26
2023-03-25T16:33:00,21,5,0,26
2023-03-25T16:42:20,21,5,0,26
2023-03-25T16:51:41,21,5,0,26
2023-03-25T17:01:01,21,5,0,26
2023-03-25T17:10:22,21,5,0,26
2023-03-25T17:19:44,21,5,0,26
2023-03-25T17:29:04,21,5,0,26
2023-03-25T17:38:25,21,5,0,26
2023-03-25T17:47:45,21,5,0,26
2023-03-25T17:57:06,21,5,0,26
2023-03-25T18:06:26,21,5,0,26
2023-03-25T18:15:48,21,5,0,26
2023-03-25T18:25:08,21,5,0,26
2023-03-25T18:34:29,21,5,0,26
2023-03-25T18:44:02,21,5,0,26
2023-03-25T18:53:23,21,5,0,26
2023-03-25T19:02:44,21,5,0,26
2023-03-25T19:12:05,21,5,0,26
2023-03-25T19:21:26,21,5,0,26
2023-03-25T19:30:46,21,5,0,26
2023-03-25T19:40:07,21,5,0,26
2023-03-25T19:49:28,21,5,0,26
2023-03-25T19:58:48,21,5,0,26
2023-03-25T20:08:10,21,5,0,26
2023-03-25T20:17:30,21,5,0,26
2023-03-25T20:26:51,21,5,0,26
2023-03-25T20:36:20,21,5,0,26
2023-03-25T20:45:41,21,5,0,26
2023-03-25T20:55:02,21,5,0,26
2023-03-25T21:04:23,21,5,0,26
2023-03-25T21:13:44,21,5,0,26
2023-03-25T21:23:05,21,5,0,26
2023-03-25T21:32:26,21,5,0,26
2023-03-25T21:41:50,21,5,0,26
2023-03-25T21:51:11,21,5,0,26
2023-03-25T22:00:31,21,5,0,26
2023-03-25T22:09:53,21,5,0,26
2023-03-25T22:19:19,21,5,0,26
2023-03-25T22:28:51,21,5,0,26
2023-03-25T22:38:12,21,5,0,26
2023-03-25T22:47:33,21,5,0,26
2023-03-25T22:56:53,21,5,0,26
2023-03-25T23:06:15,21,5,0,26
2023-03-25T23:15:36,21,5,0,26
2023-03-25T23:24:57,21,5,0,26
2023-03-25T23:34:17,21,5,0,26
2023-03-25T23:43:38,21,5,0,26
2023-03-25T23:52:58,21,5,0,26
2023-03-26T00:02:19,21,5,0,26
2023-03-26T00:11:41,21,5,0,26
2023-03-26T00:21:06,21,5,0,26
2023-03-26T00:30:28,21,5,0,26
2023-03-26T00:39:51,21,5,0,26
2023-03-26T00:49:12,21,5,0,26
2023-03-26T00:58:33,21,5,0,26
2023-03-26T01:07:54,21,5,0,26
2023-03-26T01:17:14,21,5,0,26
2023-03-26T01:26:48,21,5,0,26
2023-03-26T01:36:09,21,5,0,26
2023-03-26T01:45:29,21,5,0,26
2023-03-26T01:54:49,21,5,0,26
2023-03-26T02:04:10,21,5,0,26
2023-03-26T02:13:31,21,5,0,26
2023-03-26T02:22:53,21,5,0,26
2023-03-26T02:32:15,21,5,0,26
2023-03-26T02:41:47,21,5,0,26
2023-03-26T02:51:13,21,5,0,26
2023-03-26T03:00:38,21,5,0,26
2023-03-26T03:11:01,21,5,0,26
2023-03-26T03:20:34,21,5,0,26
2023-03-26T03:29:59,21,5,0,26
2023-03-26T03:39:23,21,5,0,26
2023-03-26T03:48:46,21,5,0,26
2023-03-26T03:58:11,21,5,0,26
2023-03-26T04:07:34,21,5,0,26
2023-03-26T04:27:06,21,5,0,26
2023-03-26T04:36:32,21,5,0,26
2023-03-26T04:46:06,21,5,0,26
2023-03-26T04:56:47,21,5,0,26
2023-03-26T05:06:11,21,5,0,26
2023-03-26T05:15:37,21,5,0,26
2023-03-26T05:25:01,21,5,0,26
2023-03-26T05:34:25,21,5,0,26
2023-03-26T05:43:48,21,5,0,26
2023-03-26T05:53:11,21,5,0,26
2023-03-26T06:02:41,21,5,0,26
2023-03-26T06:12:04,21,5,0,26
2023-03-26T06:21:27,21,5,0,26
2023-03-26T06:30:50,21,5,0,26
2023-03-26T06:40:13,21,5,0,26
2023-03-26T06:49:35,21,5,0,26
2023-03-26T06:58:57,21,5,0,26
2023-03-26T07:08:19,21,5,0,26
2023-03-26T07:17:45,21,5,0,26
2023-03-26T07:27:07,21,5,0,26
2023-03-26T07:36:29,21,5,0,26
2023-03-26T07:45:52,21,5,0,26
2023-03-26T07:55:13,21,5,0,26
2023-03-26T08:04:37,21,5,0,26
2023-03-26T08:14:01,21,5,0,26
2023-03-26T08:23:24,21,5,0,26
2023-03-26T08:32:47,21,5,0,26
2023-03-26T08:42:10,21,5,0,26
2023-03-26T08:51:31,21,5,0,26
2023-03-26T09:00:54,21,5,0,26
2023-03-26T09:10:39,21,5,0,26
2023-03-26T09:20:01,21,5,0,26
2023-03-26T09:29:23,21,5,0,26
2023-03-26T09:38:46,21,5,0,26
2023-03-26T09:48:09,21,5,0,26
2023-03-26T09:57:31,21,5,0,26
2023-03-26T10:06:53,21,5,0,26
2023-03-26T10:16:17,21,5,0,26
2023-03-26T10:25:39,21,5,0,26
2023-03-26T10:35:01,21,5,0,26
2023-03-26T10:44:22,21,5,0,26
2023-03-26T10:53:44,21,5,0,26
2023-03-26T11:03:05,21,5,0,26
2023-03-26T11:12:28,21,5,0,26
2023-03-26T11:21:59,21,5,0,26
2023-03-26T11:31:22,21,5,0,26
2023-03-26T11:40:46,21,5,0,26
2023-03-26T11:50:09,21,5,0,26
2023-03-26T11:59:32,21,5,0,26
2023-03-26T12:08:55,21,5,0,26
2023-03-26T12:18:17,21,5,0,26
2023-03-26T12:27:38,21,5,0,26
2023-03-26T12:37:00,21,5,0,26
2023-03-26T12:46:20,21,5,0,26
2023-03-26T12:55:59,21,5,0,26
2023-03-26T13:05:21,21,5,0,26
2023-03-26T13:14:42,21,5,0,26
2023-03-26T13:24:04,21,5,0,26
2023-03-26T13:33:26,21,5,0,26
2023-03-26T13:42:47,21,5,0,26
2023-03-26T13:52:08,21,5,0,26
2023-03-26T14:01:30,21,5,0,26
2023-03-26T14:10:51,21,5,0,26
2023-03-26T14:20:13,21,5,0,26
2023-03-26T14:29:36,21,5,0,26
2023-03-26T14:38:57,21,5,0,26
2023-03-26T14:48:27,21,5,0,26
2023-03-26T14:57:48,21,5,0,26
2023-03-26T15:07:09,21,5,0,26
2023-03-26T15:16:31,21,5,0,26
2023-03-26T15:25:52,21,5,0,26
2023-03-26T15:35:13,21,5,0,26
2023-03-26T15:44:35,21,5,0,26
2023-03-26T15:53:57,21,5,0,26
2023-03-26T16:03:18,21,5,0,26
2023-03-26T16:12:41,21,5,0,26
2023-03-26T16:22:03,21,5,0,26
2023-03-26T16:31:36,21,5,0,26
2023-03-26T16:40:58,21,5,0,26
2023-03-26T16:50:19,21,5,0,26
2023-03-26T16:59:40,21,5,0,26
2023-03-26T17:09:05,21,5,0,26
2023-03-26T17:18:27,21,5,0,26
2023-03-26T17:27:48,21,5,0,26
2023-03-26T17:37:09,21,5,0,26
2023-03-26T17:46:30,21,5,0,26
2023-03-26T17:56:08,21,5,0,26
2023-03-26T18:05:29,21,5,0,26
2023-03-26T18:14:50,21,5,0,26
2023-03-26T18:24:11,21,5,0,26
2023-03-26T18:33:33,21,5,0,26
2023-03-26T18:42:54,21,5,0,26
2023-03-26T18:52:16,21,5,0,26
2023-03-26T19:01:37,21,5,0,26
2023-03-26T19:10:59,21,5,0,26
2023-03-26T19:20:20,21,5,0,26
2023-03-26T19:29:41,21,5,0,26
2023-03-26T19:39:12,21,5,0,26
2023-03-26T19:48:32,21,5,0,26
2023-03-26T19:57:54,21,5,0,26
2023-03-26T20:07:16,21,5,0,26
2023-03-26T20:16:37,21,5,0,26
2023-03-26T20:25:59,21,5,0,26
2023-03-26T20:35:20,21,5,0,26
2023-03-26T20:44:41,21,5,0,26
2023-03-26T20:54:02,21,5,0,26
2023-03-26T21:03:22,21,5,0,26
2023-03-26T21:12:56,21,5,0,26
2023-03-26T21:22:18,21,5,0,26
2023-03-26T21:31:39,21,5,0,26
2023-03-26T21:41:00,21,5,0,26
2023-03-26T21:50:22,21,5,0,26
2023-03-26T21:59:44,21,5,0,26
2023-03-26T22:09:05,21,5,0,26
2023-03-26T22:18:27,21,5,0,26
2023-03-26T22:27:48,21,5,0,26
2023-03-26T22:37:09,21,5,0,26
2023-03-26T22:46:40,21,5,0,26
2023-03-26T22:56:02,21,5,0,26
2023-03-26T23:05:24,21,5,0,26
2023-03-26T23:14:45,21,5,0,26
2023-03-26T23:24:07,21,5,0,26
2023-03-26T23:33:28,21,5,0,26
2023-03-26T23:42:51,21,5,0,26
2023-03-26T23:52:12,21,5,0,26
2023-03-27T00:01:34,21,5,0,26
2023-03-27T00:11:05,21,5,0,26
2023-03-27T00:20:50,21,5,0,26
2023-03-27T00:30:20,21,5,0,26
2023-03-27T00:39:44,21,5,0,26
2023-03-27T00:49:08,21,5,0,26
2023-03-27T00:58:30,21,5,0,26
2023-03-27T01:07:55,21,5,0,26
2023-03-27T01:17:24,21,5,0,26
2023-03-27T01:42:51,21,5,0,26
2023-03-27T01:52:14,21,5,0,26
2023-03-27T02:01:38,21,5,0,26
2023-03-27T02:11:09,21,5,0,26
2023-03-27T02:20:33,21,5,0,26
2023-03-27T02:30:22,21,5,0,26
2023-03-27T02:39:45,21,5,0,26
2023-03-27T02:49:07,21,5,0,26
2023-03-27T02:58:29,21,5,0,26
2023-03-27T03:07:51,21,5,0,26
2023-03-27T03:17:14,21,5,0,26
2023-03-27T03:26:38,21,5,0,26
2023-03-27T03:36:01,21,5,0,26
2023-03-27T03:45:23,21,5,0,26
2023-03-27T03:54:47,21,5,0,26
2023-03-27T04:04:11,21,5,0,26
2023-03-27T04:17:20,21,5,0,26
2023-03-27T04:26:45,21,5,0,26
2023-03-27T04:36:09,21,5,0,26
2023-03-27T04:47:05,21,5,0,26
2023-03-27T04:56:52,21,5,0,26
2023-03-27T05:06:16,21,5,0,26
2023-03-27T05:15:41,21,5,0,26
2023-03-27T05:25:06,21,5,0,26
2023-03-27T05:34:32,21,5,0,26
2023-03-27T05:43:56,21,5,0,26
2023-03-27T05:53:20,21,5,0,26
2023-03-27T06:02:45,21,5,0,26
2023-03-27T06:12:11,21,5,0,26
2023-03-27T06:21:36,21,5,0,26
2023-03-27T06:31:00,21,5,0,26
2023-03-27T06:40:23,21,5,0,26
2023-03-27T06:49:47,21,5,0,26
2023-03-27T06:59:10,21,5,0,26
2023-03-27T07:08:36,21,5,0,26
2023-03-27T07:17:58,21,5,0,26
2023-03-27T07:27:19,21,5,0,26
2023-03-27T07:36:42,21,5,0,26
2023-03-27T07:46:05,21,5,0,26
2023-03-27T07:55:26,21,5,0,26
2023-03-27T08:04:49,21,5,0,26
2023-03-27T08:14:11,21,5,0,26
2023-03-27T08:23:44,21,5,0,26
2023-03-27T08:33:07,21,5,0,26
2023-03-27T08:42:31,21,5,0,26
2023-03-27T08:51:54,21,5,0,26
2023-03-27T09:01:18,21,5,0,26
2023-03-27T09:10:41,21,5,0,26
2023-03-27T09:20:05,21,5,0,26
2023-03-27T09:29:29,21,5,0,26
2023-03-27T09:38:53,21,5,0,26
2023-03-27T09:48:16,21,5,0,26
2023-03-27T09:57:40,21,5,0,26
2023-03-27T10:07:18,21,5,0,26
2023-03-27T10:16:42,21,5,0,26
2023-03-27T10:26:06,21,5,0,26
2023-03-27T10:35:30,21,5,0,26
2023-03-27T10:44:54,21,5,0,26
2023-03-27T10:54:18,21,5,0,26
2023-03-27T11:03:44,21,5,0,26
2023-03-27T11:13:21,21,5,0,26
2023-03-27T11:33:25,21,5,0,26
2023-03-27T11:43:18,21,5,0,26
2023-03-27T11:52:46,21,5,0,26
2023-03-27T12:02:10,21,5,0,26
2023-03-27T12:11:34,21,5,0,26
2023-03-27T12:20:59,21,5,0,26
2023-03-27T12:30:23,21,5,0,26
2023-03-27T12:40:00,21,5,0,26
2023-03-27T12:49:25,21,5,0,26
2023-03-27T12:58:50,21,5,0,26
2023-03-27T13:08:15,21,5,0,26
2023-03-27T13:17:40,21,5,0,26
2023-03-27T13:27:16,21,5,0,26
2023-03-27T13:36:40,21,5,0,26
2023-03-27T13:46:04,21,5,0,26
2023-03-27T13:55:28,21,5,0,26
2023-03-27T14:04:53,21,5,0,26
2023-03-27T14:14:18,21,5,0,26
2023-03-27T14:23:55,21,5,0,26
2023-03-27T14:33:19,21,5,0,26
2023-03-27T14:42:48,21,5,0,26
2023-03-27T14:52:18,21,5,0,26
2023-03-27T15:01:50,21,5,0,26
2023-03-27T15:11:22,21,5,0,26
2023-03-27T15:21:05,21,5,0,26
2023-03-27T15:30:38,21,5,0,26
2023-03-27T15:40:11,21,5,0,26
2023-03-27T15:49:44,21,5,0,26
2023-03-27T15:59:17,21,5,0,26
2023-03-27T16:08:51,21,5,0,26
2023-03-27T16:18:35,21,5,0,26
2023-03-27T16:28:08,21,5,0,26
2023-03-27T16:37:38,21,5,0,26
2023-03-27T16:47:08,21,5,0,26
2023-03-27T16:56:35,21,5,0,26
2023-03-27T17:06:13,21,5,0,26
2023-03-27T17:15:42,21,5,0,26
2023-03-27T17:25:06,21,5,0,26
2023-03-27T17:34:32,21,5,0,26
2023-03-27T17:43:57,21,5,0,26
2023-03-27T17:53:22,21,5,0,26
2023-03-27T18:02:59,21,5,0,26
2023-03-27T18:12:24,21,5,0,26
2023-03-27T18:21:49,21,5,0,26
2023-03-27T18:31:15,21,5,0,26
2023-03-27T18:40:40,21,5,0,26
2023-03-27T18:50:05,21,5,0,26
2023-03-27T18:59:30,21,5,0,26
2023-03-27T19:09:12,21,5,0,26
2023-03-27T19:18:37,21,5,0,26
2023-03-27T19:28:02,21,5,0,26
2023-03-27T19:37:27,21,5,0,26
2023-03-27T19:46:52,21,5,0,26
2023-03-27T19:56:17,21,5,0,26
2023-03-27T20:05:41,21,5,0,26
2023-03-27T20:15:10,21,5,0,26
2023-03-27T20:24:48,21,5,0,26
2023-03-27T20:34:13,21,5,0,26
2023-03-27T20:43:37,21,5,0,26
2023-03-27T20:53:02,21,5,0,26
2023-03-27T21:02:27,21,5,0,26
2023-03-27T21:11:52,21,5,0,26
2023-03-27T21:21:18,21,5,0,26
2023-03-27T21:30:42,21,5,0,26
2023-03-27T21:40:07,21,5,0,26
2023-03-27T21:49:44,21,5,0,26
2023-03-27T21:59:08,21,5,0,26
2023-03-27T22:08:33,21,5,0,26
2023-03-27T22:17:57,21,5,0,26
2023-03-27T22:27:21,21,5,0,26
2023-03-27T22:36:45,21,5,0,26
2023-03-27T22:46:10,21,5,0,26
2023-03-27T22:55:46,21,5,0,26
2023-03-27T23:05:11,21,5,0,26
2023-03-27T23:14:37,21,5,0,26
2023-03-27T23:24:01,21,5,0,26
2023-03-27T23:33:26,21,5,0,26
2023-03-27T23:42:51,21,5,0,26
2023-03-27T23:52:16,21,5,0,26
2023-03-28T00:01:43,21,5,0,26
2023-03-28T00:11:11,21,5,0,26
2023-03-28T00:20:57,21,5,0,26
2023-03-28T00:30:23,21,5,0,26
2023-03-28T00:39:52,21,5,0,26
2023-03-28T00:49:18,21,5,0,26
2023-03-28T00:58:45,21,5,0,26
2023-03-28T01:08:14,21,5,0,26
2023-03-28T01:17:41,21,5,0,26
2023-03-28T01:27:09,21,5,0,26
2023-03-28T01:36:36,21,5,0,26
2023-03-28T01:46:01,21,5,0,26
2023-03-28T01:55:28,21,5,0,26
2023-03-28T02:04:54,21,5,0,26
2023-03-28T02:14:20,21,5,0,26
2023-03-28T02:23:57,21,5,0,26
2023-03-28T02:33:22,21,5,0,26
2023-03-28T02:42:47,21,5,0,26
2023-03-28T02:52:12,21,5,0,26
2023-03-28T03:01:36,21,5,0,26
2023-03-28T03:11:02,21,5,0,26
2023-03-28T03:20:28,21,5,0,26
2023-03-28T03:29:54,21,5,0,26
2023-03-28T03:39:18,21,5,0,26
2023-03-28T03:48:44,21,5,0,26
2023-03-28T03:58:28,21,5,0,26
2023-03-28T04:09:43,21,5,0,26
2023-03-28T04:28:41,21,5,0,26
2023-03-28T04:38:35,21,5,0,26
2023-03-28T04:48:02,21,5,0,26
2023-03-28T04:57:29,21,5,0,26
2023-03-28T05:06:56,21,5,0,26
2023-03-28T05:16:23,21,5,0,26
2023-03-28T05:25:50,21,5,0,26
2023-03-28T05:35:19,21,5,0,26
2023-03-28T05:44:46,21,5,0,26
2023-03-28T05:54:12,21,5,0,26
2023-03-28T06:03:39,21,5,0,26
2023-03-28T06:13:05,21,5,0,26
2023-03-28T06:22:31,21,5,0,26
2023-03-28T06:31:57,21,5,0,26
2023-03-28T06:41:24,21,5,0,26
2023-03-28T06:50:51,21,5,0,26
2023-03-28T07:00:17,21,5,0,26
2023-03-28T07:09:44,21,5,0,26
2023-03-28T07:19:10,21,5,0,26
2023-03-28T07:28:36,21,5,0,26
2023-03-28T07:38:12,21,5,0,26
2023-03-28T07:47:39,21,5,0,26
2023-03-28T07:57:06,21,5,0,26
2023-03-28T08:06:33,21,5,0,26
2023-03-28T08:16:00,21,5,0,26
2023-03-28T08:25:28,21,5,0,26
2023-03-28T08:34:56,21,5,0,26
2023-03-28T08:44:25,21,5,0,26
2023-03-28T08:53:53,21,5,0,26
2023-03-28T09:03:34,21,5,0,26
2023-03-28T09:13:02,21,5,0,26
2023-03-28T09:22:30,21,5,0,26
2023-03-28T09:31:57,21,5,0,26
2023-03-28T09:41:23,21,5,0,26
2023-03-28T09:50:52,21,5,0,26
2023-03-28T10:00:29,21,5,0,26
2023-03-28T10:09:57,21,5,0,26
2023-03-28T10:19:26,21,5,0,26
2023-03-28T10:28:53,21,5,0,26
2023-03-28T10:38:21,21,5,0,26
2023-03-28T10:47:59,21,5,0,26
2023-03-28T10:57:27,21,5,0,26
2023-03-28T11:06:55,21,5,0,26
2023-03-28T11:16:22,21,5,0,26
2023-03-28T11:25:49,21,5,0,26
2023-03-28T11:35:17,21,5,0,26
2023-03-28T11:44:56,21,5,0,26
2023-03-28T11:54:25,21,5,0,26
2023-03-28T12:03:51,21,5,0,26
2023-03-28T12:13:28,21,5,0,26
2023-03-28T12:22:53,21,5,0,26
2023-03-28T12:32:20,21,5,0,26
2023-03-28T12:41:46,21,5,0,26
2023-03-28T12:51:24,21,5,0,26
2023-03-28T13:00:50,21,5,0,26
2023-03-28T13:10:16,21,5,0,26
2023-03-28T13:19:42,21,5,0,26
2023-03-28T13:29:23,21,5,0,26
2023-03-28T13:38:51,21,5,0,26
2023-03-28T13:48:17,21,5,0,26
2023-03-28T13:57:45,21,5,0,26
2023-03-28T14:07:13,21,5,0,26
2023-03-28T14:16:52,21,5,0,26
2023-03-28T14:26:19,21,5,0,26
2023-03-28T14:35:45,21,5,0,26
2023-03-28T14:45:11,21,5,0,26
2023-03-28T14:54:37,21,5,0,26
2023-03-28T15:04:16,21,5,0,26
2023-03-28T15:13:43,21,5,0,26
2023-03-28T15:23:09,21,5,0,26
2023-03-28T15:32:36,21,5,0,26
2023-03-28T15:42:02,21,5,0,26
2023-03-28T15:51:42,21,5,0,26
2023-03-28T16:01:08,21,5,0,26
2023-03-28T16:10:34,21,5,0,26
2023-03-28T16:20:00,21,5,0,26
2023-03-28T16:29:25,21,5,0,26
2023-03-28T16:38:51,21,5,0,26
2023-03-28T16:48:27,21,5,0,26
2023-03-28T16:57:51,21,5,0,26
2023-03-28T17:07:17,21,5,0,26
2023-03-28T17:16:45,21,5,0,26
2023-03-28T17:26:11,21,5,0,26
2023-03-28T17:35:36,21,5,0,26
2023-03-28T17:45:14,21,5,0,26
2023-03-28T17:54:39,21,5,0,26
2023-03-28T18:04:04,21,5,0,26
2023-03-28T18:13:29,21,5,0,26
2023-03-28T18:22:53,21,5,0,26
2023-03-28T18:32:19,21,5,0,26
2023-03-28T18:41:57,21,5,0,26
2023-03-28T18:51:21,21,5,0,26
2023-03-28T19:00:45,21,5,0,26
2023-03-28T19:10:10,21,5,0,26
2023-03-28T19:19:34,21,5,0,26
2023-03-28T19:29:08,21,5,0,26
2023-03-28T19:38:31,21,5,0,26
2023-03-28T19:47:54,21,5,0,26
2023-03-28T19:57:17,21,5,0,26
2023-03-28T20:06:40,21,5,0,26
2023-03-28T20:16:04,21,5,0,26
2023-03-28T20:25:26,21,5,0,26
2023-03-28T20:34:49,21,5,0,26
2023-03-28T20:44:26,21,5,0,26
2023-03-28T20:53:48,21,5,0,26
2023-03-28T21:03:11,21,5,0,26
2023-03-28T21:12:33,21,5,0,26
2023-03-28T21:21:57,21,5,0,26
2023-03-28T21:31:19,21,5,0,26
2023-03-28T21:40:45,21,5,0,26
2023-03-28T21:50:20,21,5,0,26
2023-03-28T21:59:44,21,5,0,26
2023-03-28T22:09:08,21,5,0,26
2023-03-28T22:18:31,21,5,0,26
2023-03-28T22:27:55,21,5,0,26
2023-03-28T22:37:34,21,5,0,26
2023-03-28T22:46:57,21,5,0,26
2023-03-28T22:56:20,21,5,0,26
2023-03-28T23:05:44,21,5,0,26
2023-03-28T23:15:09,21,5,0,26
2023-03-28T23:24:47,21,5,0,26
2023-03-28T23:34:11,21,5,0,26
2023-03-28T23:43:35,21,5,0,26
2023-03-28T23:52:59,21,5,0,26
2023-03-29T00:03:03,21,5,0,26
2023-03-29T00:12:34,21,5,0,26
2023-03-29T00:22:05,21,5,0,26
2023-03-29T00:31:33,21,5,0,26
2023-03-29T00:40:59,21,5,0,26
2023-03-29T00:50:36,21,5,0,26
2023-03-29T01:00:01,21,5,0,26
2023-03-29T01:09:29,21,5,0,26
2023-03-29T01:18:56,21,5,0,26
2023-03-29T01:28:23,21,5,0,26
2023-03-29T01:37:52,21,5,0,26
2023-03-29T01:47:17,21,5,0,26
2023-03-29T01:56:56,21,5,0,26
2023-03-29T02:06:23,21,5,0,26
2023-03-29T02:15:48,21,5,0,26
2023-03-29T02:25:12,21,5,0,26
2023-03-29T02:34:38,21,5,0,26
2023-03-29T02:44:01,21,5,0,26
2023-03-29T02:53:23,21,5,0,26
2023-03-29T03:02:46,21,5,0,26
2023-03-29T03:12:10,21,5,0,26
2023-03-29T03:21:40,21,5,0,26
2023-03-29T03:31:04,21,5,0,26
2023-03-29T03:40:28,21,5,0,26
2023-03-29T03:50:06,21,5,0,26
2023-03-29T03:59:30,21,5,0,26
2023-03-29T04:10:59,21,5,0,26
2023-03-29T04:35:54,21,5,0,26
2023-03-29T04:45:20,21,5,0,26
2023-03-29T04:54:46,21,5,0,26
2023-03-29T05:04:10,21,5,0,26
2023-03-29T05:13:37,21,5,0,26
2023-03-29T05:23:02,21,5,0,26
2023-03-29T05:32:28,21,5,0,26
2023-03-29T05:41:54,21,5,0,26
2023-03-29T05:51:19,21,5,0,26
2023-03-29T06:00:42,21,5,0,26
2023-03-29T06:10:09,21,5,0,26
2023-03-29T06:19:34,21,5,0,26
2023-03-29T06:29:14,21,5,0,26
2023-03-29T06:38:39,21,5,0,26
2023-03-29T06:48:04,21,5,0,26
2023-03-29T06:57:29,21,5,0,26
2023-03-29T07:07:05,21,5,0,26
2023-03-29T07:16:30,21,5,0,26
2023-03-29T07:25:54,21,5,0,26
2023-03-29T07:35:21,21,5,0,26
2023-03-29T07:44:46,21,5,0,26
2023-03-29T07:54:11,21,5,0,26
2023-03-29T08:03:37,21,5,0,26
2023-03-29T08:13:03,21,5,0,26
2023-03-29T08:22:28,21,5,0,26
2023-03-29T08:31:52,21,5,0,26
2023-03-29T08:41:28,21,5,0,26
2023-03-29T08:50:54,21,5,0,26
2023-03-29T09:00:19,21,5,0,26
2023-03-29T09:09:45,21,5,0,26
2023-03-29T09:19:11,21,5,0,26
2023-03-29T09:28:37,21,5,0,26
2023-03-29T09:38:17,21,5,0,26
2023-03-29T09:47:43,21,5,0,26
2023-03-29T09:57:09,21,5,0,26
2023-03-29T10:06:36,21,5,0,26
2023-03-29T10:16:02,21,5,0,26
2023-03-29T10:25:28,22,4,0,26
2023-03-29T10:35:07,22,4,0,26
2023-03-29T10:44:33,22,4,0,26
2023-03-29T10:54:00,22,4,0,26
2023-03-29T11:03:26,22,4,0,26
2023-03-29T11:12:54,22,4,0,26
2023-03-29T11:22:33,22,4,0,26
2023-03-29T11:31:59,22,4,0,26
2023-03-29T11:41:25,22,4,0,26
2023-03-29T11:50:51,22,4,0,26
2023-03-29T12:00:15,22,4,0,26
2023-03-29T12:09:53,22,4,0,26
2023-03-29T12:19:18,22,4,0,26
2023-03-29T12:28:44,22,4,0,26
2023-03-29T12:38:09,22,4,0,26
2023-03-29T12:47:45,22,4,0,26
2023-03-29T12:57:09,22,4,0,26
2023-03-29T13:06:34,22,4,0,26
2023-03-29T13:16:00,22,4,0,26
2023-03-29T13:25:25,22,4,0,26
2023-03-29T13:35:00,22,4,0,26
2023-03-29T13:44:26,22,4,0,26
2023-03-29T13:53:51,22,4,0,26
2023-03-29T14:03:17,22,4,0,26
2023-03-29T14:12:43,22,4,0,26
2023-03-29T14:22:19,22,4,0,26
2023-03-29T14:31:44,22,4,0,26
2023-03-29T14:41:09,22,4,0,26
2023-03-29T14:50:34,22,4,0,26
2023-03-29T14:59:59,22,4,0,26
2023-03-29T15:09:36,22,4,0,26
2023-03-29T15:19:01,22,4,0,26
2023-03-29T15:28:26,22,4,0,26
2023-03-29T15:37:50,21,5,0,26
2023-03-29T15:47:15,21,5,0,26
2023-03-29T15:56:50,21,5,0,26
2023-03-29T16:06:16,21,5,0,26
2023-03-29T16:15:40,21,5,0,26
2023-03-29T16:25:04,21,5,0,26
2023-03-29T16:34:30,21,5,0,26
2023-03-29T16:43:55,21,5,0,26
2023-03-29T16:53:30,21,5,0,26
2023-03-29T17:02:54,21,5,0,26
2023-03-29T17:12:18,21,5,0,26
2023-03-29T17:21:42,21,5,0,26
2023-03-29T17:31:05,21,5,0,26
2023-03-29T17:40:28,21,5,0,26
2023-03-29T17:49:51,21,5,0,26
2023-03-29T17:59:13,21,5,0,26
2023-03-29T18:08:47,21,5,0,26
2023-03-29T18:18:10,21,5,0,26
2023-03-29T18:27:32,21,5,0,26
2023-03-29T18:36:55,21,5,0,26
2023-03-29T18:46:18,21,5,0,26
2023-03-29T18:55:40,21,5,0,26
2023-03-29T19:05:14,21,5,0,26
2023-03-29T19:14:37,21,5,0,26
2023-03-29T19:24:00,21,5,0,26
2023-03-29T19:33:22,21,5,0,26
2023-03-29T19:42:45,21,5,0,26
2023-03-29T19:52:07,21,5,0,26
2023-03-29T20:01:31,21,5,0,26
2023-03-29T20:11:07,21,5,0,26
2023-03-29T20:20:29,21,5,0,26
2023-03-29T20:29:52,21,5,0,26
2023-03-29T20:39:16,21,5,0,26
2023-03-29T20:48:37,21,5,0,26
2023-03-29T20:58:00,21,5,0,26
2023-03-29T21:07:22,21,5,0,26
2023-03-29T21:16:54,21,5,0,26
2023-03-29T21:26:16,21,5,0,26
2023-03-29T21:35:38,21,5,0,26
2023-03-29T21:45:00,21,5,0,26
2023-03-29T21:54:22,21,5,0,26
2023-03-29T22:03:44,21,5,0,26
2023-03-29T22:13:16,21,5,0,26
2023-03-29T22:22:37,21,5,0,26
2023-03-29T22:32:00,21,5,0,26
2023-03-29T22:41:22,21,5,0,26
2023-03-29T22:50:44,21,5,0,26
2023-03-29T23:00:06,21,5,0,26
2023-03-29T23:09:29,21,5,0,26
2023-03-29T23:18:51,21,5,0,26
2023-03-29T23:28:13,21,5,0,26
2023-03-29T23:37:48,21,5,0,26
2023-03-29T23:47:12,21,5,0,26
2023-03-29T23:56:34,21,5,0,26
2023-03-30T00:05:58,21,5,0,26
2023-03-30T00:15:36,21,5,0,26
2023-03-30T00:25:01,21,5,0,26
2023-03-30T00:34:25,21,5,0,26
2023-03-30T00:43:49,21,5,0,26
2023-03-30T00:53:13,21,5,0,26
2023-03-30T01:02:37,21,5,0,26
2023-03-30T01:12:12,21,5,0,26
2023-03-30T01:21:36,21,5,0,26
2023-03-30T01:30:58,21,5,0,26
2023-03-30T01:40:22,21,5,0,26
2023-03-30T01:49:45,21,5,0,26
2023-03-30T01:59:09,21,5,0,26
2023-03-30T02:08:33,21,5,0,26
2023-03-30T02:17:58,21,5,0,26
2023-03-30T02:27:22,21,5,0,26
2023-03-30T02:36:45,21,5,0,26
2023-03-30T02:46:08,21,5,0,26
2023-03-30T02:55:29,21,5,0,26
2023-03-30T03:04:50,21,5,0,26
2023-03-30T03:14:12,21,5,0,26
2023-03-30T03:23:32,21,5,0,26
2023-03-30T03:32:53,21,5,0,26
2023-03-30T03:42:13,21,5,0,26
2023-03-30T03:51:34,21,5,0,26
2023-03-30T04:01:05,21,5,0,26
2023-03-30T04:12:32,21,5,0,26
2023-03-30T04:25:48,21,5,0,26
2023-03-30T04:35:38,21,5,0,26
2023-03-30T04:45:33,21,5,0,26
2023-03-30T04:54:58,21,5,0,26
2023-03-30T05:04:23,21,5,0,26
2023-03-30T05:13:48,21,5,0,26
2023-03-30T05:23:13,21,5,0,26
2023-03-30T05:32:38,21,5,0,26
2023-03-30T05:42:04,21,5,0,26
2023-03-30T05:51:29,21,5,0,26
2023-03-30T06:00:53,21,5,0,26
2023-03-30T06:10:18,21,5,0,26
2023-03-30T06:19:42,21,5,0,26
2023-03-30T06:29:07,21,5,0,26
2023-03-30T06:38:33,21,5,0,26
2023-03-30T06:47:58,21,5,0,26
2023-03-30T06:57:21,21,5,0,26
2023-03-30T07:06:47,21,5,0,26
2023-03-30T07:16:11,21,5,0,26
2023-03-30T07:25:35,21,5,0,26
2023-03-30T07:35:00,21,5,0,26
2023-03-30T07:44:25,21,5,0,26
2023-03-30T07:53:49,21,5,0,26
2023-03-30T08:03:13,21,5,0,26
2023-03-30T08:12:37,21,5,0,26
2023-03-30T08:22:01,21,5,0,26
2023-03-30T08:31:35,21,5,0,26
2023-03-30T08:40:57,21,5,0,26
2023-03-30T08:50:20,21,5,0,26
2023-03-30T08:59:43,21,5,0,26
2023-03-30T09:09:06,21,5,0,26
2023-03-30T09:18:29,21,5,0,26
2023-03-30T09:27:53,21,5,0,26
2023-03-30T09:37:17,21,5,0,26
2023-03-30T09:46:42,21,5,0,26
2023-03-30T09:56:22,21,5,0,26
2023-03-30T10:05:47,21,5,0,26
2023-03-30T10:15:12,21,5,0,26
2023-03-30T10:24:36,21,5,0,26
2023-03-30T10:34:00,21,5,0,26
2023-03-30T10:43:25,21,5,0,26
2023-03-30T10:52:49,21,5,0,26
2023-03-30T11:02:27,21,5,0,26
2023-03-30T11:11:52,21,5,0,26
2023-03-30T11:21:18,21,5,0,26
2023-03-30T11:30:46,21,5,0,26
2023-03-30T11:40:12,21,5,0,26
2023-03-30T11:49:37,21,5,0,26
2023-03-30T11:59:02,21,5,0,26
2023-03-30T12:08:38,21,5,0,26
2023-03-30T12:18:03,21,5,0,26
2023-03-30T12:27:27,21,5,0,26
2023-03-30T12:36:52,21,5,0,26
2023-03-30T12:46:17,21,5,0,26
2023-03-30T12:55:52,21,5,0,26
2023-03-30T13:05:16,21,5,0,26
2023-03-30T13:14:41,21,5,0,26
2023-03-30T13:24:06,21,5,0,26
2023-03-30T13:33:31,21,5,0,26
2023-03-30T13:42:55,21,5,0,26
2023-03-30T13:52:30,21,5,0,26
2023-03-30T14:01:55,21,5,0,26
2023-03-30T14:11:19,21,5,0,26
2023-03-30T14:20:44,21,5,0,26
2023-03-30T14:30:09,21,5,0,26
2023-03-30T14:39:34,21,5,0,26
2023-03-30T14:49:11,21,5,0,26
2023-03-30T14:58:36,21,5,0,26
2023-03-30T15:08:00,21,5,0,26
2023-03-30T15:17:25,21,5,0,26
2023-03-30T15:26:49,21,5,0,26
2023-03-30T15:36:13,21,5,0,26
2023-03-30T15:45:48,21,5,0,26
2023-03-30T15:55:13,21,5,0,26
2023-03-30T16:04:37,21,5,0,26
2023-03-30T16:14:01,21,5,0,26
2023-03-30T16:23:25,21,5,0,26
2023-03-30T16:32:48,21,5,0,26
2023-03-30T16:42:22,21,5,0,26
2023-03-30T16:51:45,21,5,0,26
2023-03-30T17:01:09,21,5,0,26
2023-03-30T17:10:32,21,5,0,26
2023-03-30T17:19:56,21,5,0,26
2023-03-30T17:29:22,21,5,0,26
2023-03-30T17:38:57,21,5,0,26
2023-03-30T17:48:20,21,5,0,26
2023-03-30T17:57:43,21,5,0,26
2023-03-30T18:07:06,21,5,0,26
2023-03-30T18:16:29,21,5,0,26
2023-03-30T18:25:51,21,5,0,26
2023-03-30T18:35:14,21,5,0,26
2023-03-30T18:44:36,21,5,0,26
2023-03-30T18:54:10,21,5,0,26
2023-03-30T19:03:33,21,5,0,26
2023-03-30T19:12:55,21,5,0,26
2023-03-30T19:22:18,21,5,0,26
2023-03-30T19:31:40,21,5,0,26
2023-03-30T19:41:03,21,5,0,26
2023-03-30T19:50:25,21,5,0,26
2023-03-30T19:59:48,21,5,0,26
2023-03-30T20:09:11,21,5,0,26
2023-03-30T20:18:33,21,5,0,26
2023-03-30T20:28:05,21,5,0,26
2023-03-30T20:37:27,21,5,0,26
2023-03-30T20:46:48,21,5,0,26
2023-03-30T20:56:10,21,5,0,26
2023-03-30T21:05:32,21,5,0,26
2023-03-30T21:14:54,21,5,0,26
2023-03-30T21:24:16,21,5,0,26
2023-03-30T21:33:39,21,5,0,26
2023-03-30T21:43:01,21,5,0,26
2023-03-30T21:52:23,21,5,0,26
2023-03-30T22:01:55,21,5,0,26
2023-03-30T22:11:17,21,5,0,26
2023-03-30T22:20:40,21,5,0,26
2023-03-30T22:30:03,21,5,0,26
2023-03-30T22:39:25,21,5,0,26
2023-03-30T22:48:47,21,5,0,26
2023-03-30T22:58:09,21,5,0,26
2023-03-30T23:07:32,21,5,0,26
2023-03-30T23:16:54,21,5,0,26
2023-03-30T23:26:17,21,5,0,26
2023-03-30T23:35:42,21,5,0,26
2023-03-30T23:45:13,21,5,0,26
2023-03-30T23:54:35,21,5,0,26
2023-03-31T00:04:09,21,5,0,26
2023-03-31T00:13:35,21,5,0,26
2023-03-31T00:23:02,21,5,0,26
2023-03-31T00:32:26,21,5,0,26
2023-03-31T00:41:50,21,5,0,26
2023-03-31T00:53:58,21,5,0,26
2023-03-31T01:03:23,21,5,0,26
2023-03-31T01:12:48,21,5,0,26
2023-03-31T01:22:15,21,5,0,26
2023-03-31T01:31:40,21,5,0,26
2023-03-31T01:41:05,21,5,0,26
2023-03-31T01:50:30,21,5,0,26
2023-03-31T01:59:54,21,5,0,26
2023-03-31T02:09:19,21,5,0,26
2023-03-31T02:18:52,21,5,0,26
2023-03-31T02:28:14,21,5,0,26
2023-03-31T02:37:37,21,5,0,26
2023-03-31T02:46:58,21,5,0,26
2023-03-31T02:56:19,21,5,0,26
2023-03-31T03:05:40,21,5,0,26
2023-03-31T03:15:03,21,5,0,26
2023-03-31T03:24:25,21,5,0,26
2023-03-31T03:33:47,21,5,0,26
2023-03-31T03:43:09,21,5,0,26
2023-03-31T03:52:31,21,5,0,26
2023-03-31T04:01:54,21,5,0,26
2023-03-31T04:16:18,21,5,0,26
2023-03-31T04:26:09,21,5,0,26
2023-03-31T04:35:35,21,5,0,26
2023-03-31T04:45:15,21,5,0,26
2023-03-31T04:54:39,21,5,0,26
2023-03-31T05:04:03,21,5,0,26
2023-03-31T05:13:27,21,5,0,26
2023-03-31T05:22:53,21,5,0,26
2023-03-31T05:32:17,21,5,0,26
2023-03-31T05:41:41,21,5,0,26
2023-03-31T05:51:05,21,5,0,26
2023-03-31T06:00:29,21,5,0,26
2023-03-31T06:09:52,21,5,0,26
2023-03-31T06:19:16,21,5,0,26
2023-03-31T06:28:39,21,5,0,26
2023-03-31T06:38:06,21,5,0,26
2023-03-31T06:47:29,21,5,0,26
2023-03-31T06:56:53,21,5,0,26
2023-03-31T07:06:18,21,5,0,26
2023-03-31T07:15:42,21,5,0,26
2023-03-31T07:25:09,21,5,0,26
2023-03-31T07:34:35,21,5,0,26
2023-03-31T07:44:03,21,5,0,26
2023-03-31T07:53:33,21,5,0,26
2023-03-31T08:03:06,21,5,0,26
2023-03-31T08:12:39,21,5,0,26
2023-03-31T08:22:12,21,5,0,26
2023-03-31T08:31:52,21,5,0,26
2023-03-31T08:41:24,21,5,0,26
2023-03-31T08:50:54,21,5,0,26
2023-03-31T09:00:27,21,5,0,26
2023-03-31T09:09:59,21,5,0,26
2023-03-31T09:19:29,21,5,0,26
2023-03-31T09:28:58,21,5,0,26
2023-03-31T09:38:24,21,5,0,26
2023-03-31T09:47:48,21,5,0,26
2023-03-31T09:57:13,21,5,0,26
2023-03-31T10:06:35,21,5,0,26
2023-03-31T10:15:58,21,5,0,26
2023-03-31T10:25:21,21,5,0,26
2023-03-31T10:34:43,21,5,0,26
2023-03-31T10:44:05,21,5,0,26
2023-03-31T10:53:37,21,5,0,26
2023-03-31T11:03:00,21,5,0,26
2023-03-31T11:12:21,21,5,0,26
2023-03-31T11:21:43,21,5,0,26
2023-03-31T11:31:05,21,5,0,26
2023-03-31T11:40:27,21,5,0,26
2023-03-31T11:49:49,21,5,0,26
2023-03-31T11:59:10,21,5,0,26
2023-03-31T12:08:32,21,5,0,26
2023-03-31T12:18:05,21,5,0,26
2023-03-31T12:27:27,21,5,0,26
2023-03-31T12:36:49,21,5,0,26
2023-03-31T12:46:10,21,5,0,26
2023-03-31T12:55:31,21,5,0,26
2023-03-31T13:04:53,21,5,0,26
2023-03-31T13:14:15,21,5,0,26
2023-03-31T13:23:36,21,5,0,26
2023-03-31T13:32:58,21,5,0,26
2023-03-31T13:42:19,21,5,0,26
2023-03-31T13:51:50,21,5,0,26
2023-03-31T14:01:12,21,5,0,26
2023-03-31T14:10:35,21,5,0,26
2023-03-31T14:19:57,21,5,0,26
2023-03-31T14:29:18,21,5,0,26
2023-03-31T14:38:40,21,5,0,26
2023-03-31T14:48:02,21,5,0,26
2023-03-31T14:57:23,21,5,0,26
2023-03-31T15:06:44,21,5,0,26
2023-03-31T15:16:05,21,5,0,26
2023-03-31T15:25:36,21,5,0,26
2023-03-31T15:34:57,21,5,0,26
2023-03-31T15:44:19,21,5,0,26
2023-03-31T15:53:41,21,5,0,26
2023-03-31T16:03:03,21,5,0,26
2023-03-31T16:12:25,21,5,0,26
2023-03-31T16:21:46,21,5,0,26
2023-03-31T16:31:08,21,5,0,26
2023-03-31T16:40:29,21,5,0,26
2023-03-31T16:49:50,21,5,0,26
2023-03-31T16:59:12,21,5,0,26
2023-03-31T17:08:44,21,5,0,26
2023-03-31T17:18:07,21,5,0,26
2023-03-31T17:27:28,21,5,0,26
2023-03-31T17:36:49,21,5,0,26
2023-03-31T17:46:10,21,5,0,26
2023-03-31T17:55:31,21,5,0,26
2023-03-31T18:04:52,21,5,0,26
2023-03-31T18:14:14,21,5,0,26
2023-03-31T18:23:35,21,5,0,26
2023-03-31T18:32:56,21,5,0,26
2023-03-31T18:42:17,21,5,0,26
2023-03-31T18:51:38,21,5,0,26
2023-03-31T19:00:59,21,5,0,26
2023-03-31T19:10:21,21,5,0,26
2023-03-31T19:19:52,21,5,0,26
2023-03-31T19:29:13,21,5,0,26
2023-03-31T19:38:35,21,5,0,26
2023-03-31T19:47:56,21,5,0,26
2023-03-31T19:57:16,21,5,0,26
2023-03-31T20:06:37,21,5,0,26
2023-03-31T20:15:59,21,5,0,26
2023-03-31T20:25:20,21,5,0,26
2023-03-31T20:34:41,21,5,0,26
2023-03-31T20:44:11,21,5,0,26
2023-03-31T20:53:32,21,5,0,26
2023-03-31T21:02:53,21,5,0,26
2023-03-31T21:12:14,21,5,0,26
2023-03-31T21:21:36,21,5,0,26
2023-03-31T21:30:56,21,5,0,26
2023-03-31T21:40:18,21,5,0,26
2023-03-31T21:49:39,21,5,0,26
2023-03-31T21:59:00,21,5,0,26
2023-03-31T22:08:21,21,5,0,26
2023-03-31T22:17:42,21,5,0,26
2023-03-31T22:27:15,21,5,0,26
2023-03-31T22:36:36,21,5,0,26
2023-03-31T22:45:57,21,5,0,26
2023-03-31T22:55:18,21,5,0,26
2023-03-31T23:04:40,21,5,0,26
2023-03-31T23:14:01,21,5,0,26
2023-03-31T23:23:23,21,5,0,26
2023-03-31T23:32:44,21,5,0,26
2023-03-31T23:42:06,21,5,0,26
2023-03-31T23:51:27,21,5,0,26
2023-04-01T00:00:49,21,5,0,26
2023-04-01T00:10:22,21,5,0,26
2023-04-01T00:20:25,21,5,0,26
2023-04-01T00:29:58,21,5,0,26
2023-04-01T00:39:20,21,5,0,26
2023-04-01T00:48:43,21,5,0,26
2023-04-01T00:58:05,21,5,0,26
2023-04-01T01:07:27,21,5,0,26
2023-04-01T01:16:49,21,5,0,26
2023-04-01T01:26:12,21,5,0,26
2023-04-01T01:35:35,21,5,0,26
2023-04-01T01:44:56,21,5,0,26
2023-04-01T01:54:17,21,5,0,26
2023-04-01T02:03:38,21,5,0,26
2023-04-01T02:12:59,21,5,0,26
2023-04-01T02:22:21,21,5,0,26
2023-04-01T02:31:43,21,5,0,26
2023-04-01T02:41:03,21,5,0,26
2023-04-01T02:50:35,21,5,0,26
2023-04-01T02:59:56,21,5,0,26
2023-04-01T03:09:18,21,5,0,26
2023-04-01T03:18:41,21,5,0,26
2023-04-01T03:28:03,21,5,0,26
2023-04-01T03:37:26,21,5,0,26
2023-04-01T03:46:48,21,5,0,26
2023-04-01T03:56:12,21,5,0,26
2023-04-01T04:05:35,21,5,0,26
2023-04-01T04:23:49,21,5,0,26
2023-04-01T04:33:14,21,5,0,26
2023-04-01T04:43:51,21,5,0,26
2023-04-01T04:53:31,21,5,0,26
2023-04-01T05:02:54,21,5,0,26
2023-04-01T05:12:16,21,5,0,26
2023-04-01T05:21:38,21,5,0,26
2023-04-01T05:30:59,21,5,0,26
2023-04-01T05:40:22,21,5,0,26
2023-04-01T05:49:44,21,5,0,26
2023-04-01T05:59:04,21,5,0,26
2023-04-01T06:08:24,21,5,0,26
2023-04-01T06:17:45,21,5,0,26
2023-04-01T06:27:05,21,5,0,26
2023-04-01T06:36:26,21,5,0,26
2023-04-01T06:45:47,21,5,0,26
2023-04-01T06:55:08,21,5,0,26
2023-04-01T07:04:29,21,5,0,26
2023-04-01T07:13:49,21,5,0,26
2023-04-01T07:23:10,21,5,0,26
2023-04-01T07:32:32,21,5,0,26
2023-04-01T07:41:54,21,5,0,26
2023-04-01T07:51:14,21,5,0,26
2023-04-01T08:00:35,21,5,0,26
2023-04-01T08:09:56,21,5,0,26
2023-04-01T08:19:17,21,5,0,26
2023-04-01T08:28:37,21,5,0,26
2023-04-01T08:38:08,21,5,0,26
2023-04-01T08:47:33,21,5,0,26
2023-04-01T08:57:02,21,5,0,26
2023-04-01T09:06:26,21,5,0,26
2023-04-01T09:15:50,21,5,0,26
2023-04-01T09:25:13,21,5,0,26
2023-04-01T09:34:37,21,5,0,26
2023-04-01T09:44:00,21,5,0,26
2023-04-01T09:53:24,21,5,0,26
2023-04-01T10:02:48,21,5,0,26
2023-04-01T10:12:12,21,5,0,26
2023-04-01T10:21:35,21,5,0,26
2023-04-01T10:30:58,21,5,0,26
2023-04-01T10:40:21,21,5,0,26
2023-04-01T10:49:44,21,5,0,26
2023-04-01T10:59:07,21,5,0,26
2023-04-01T11:08:30,21,5,0,26
2023-04-01T11:18:06,21,5,0,26
2023-04-01T11:27:29,21,5,0,26
2023-04-01T11:36:51,21,5,0,26
2023-04-01T11:46:14,21,5,0,26
2023-04-01T11:55:36,21,5,0,26
2023-04-01T12:04:59,21,5,0,26
2023-04-01T12:14:22,21,5,0,26
2023-04-01T12:23:45,21,5,0,26
2023-04-01T12:33:08,21,5,0,26
2023-04-01T12:42:31,21,5,0,26
2023-04-01T12:52:04,21,5,0,26
2023-04-01T13:01:26,21,5,0,26
2023-04-01T13:10:49,21,5,0,26
2023-04-01T13:20:11,21,5,0,26
2023-04-01T13:29:32,21,5,0,26
2023-04-01T13:38:53,21,5,0,26
2023-04-01T13:48:14,21,5,0,26
2023-04-01T13:57:35,21,5,0,26
2023-04-01T14:06:57,21,5,0,26
2023-04-01T14:16:18,21,5,0,26
2023-04-01T14:25:39,21,5,0,26
2023-04-01T14:35:10,21,5,0,26
2023-04-01T14:44:31,21,5,0,26
2023-04-01T14:53:53,21,5,0,26
2023-04-01T15:03:14,21,5,0,26
2023-04-01T15:12:36,21,5,0,26
2023-04-01T15:21:57,21,5,0,26
2023-04-01T15:31:19,21,5,0,26
2023-04-01T15:40:43,21,5,0,26
2023-04-01T15:50:04,21,5,0,26
2023-04-01T15:59:25,21,5,0,26
2023-04-01T16:08:46,21,5,0,26
2023-04-01T16:18:08,21,5,0,26
2023-04-01T16:27:30,21,5,0,26
2023-04-01T16:37:02,21,5,0,26
2023-04-01T16:46:23,21,5,0,26
2023-04-01T16:55:44,21,5,0,26
2023-04-01T17:05:05,21,5,0,26
2023-04-01T17:14:27,21,5,0,26
2023-04-01T17:23:49,21,5,0,26
2023-04-01T17:33:10,21,5,0,26
2023-04-01T17:42:31,21,5,0,26
2023-04-01T17:51:52,21,5,0,26
2023-04-01T18:01:13,21,5,0,26
2023-04-01T18:10:44,21,5,0,26
2023-04-01T18:20:05,21,5,0,26
2023-04-01T18:29:26,21,5,0,26
2023-04-01T18:38:47,21,5,0,26
2023-04-01T18:48:09,21,5,0,26
2023-04-01T18:57:30,21,5,0,26
2023-04-01T19:06:52,21,5,0,26
2023-04-01T19:16:14,21,5,0,26
2023-04-01T19:25:35,21,5,0,26
2023-04-01T19:35:05,21,5,0,26
2023-04-01T19:44:27,21,5,0,26
2023-04-01T19:53:48,21,5,0,26
2023-04-01T20:03:09,21,5,0,26
2023-04-01T20:12:30,21,5,0,26
2023-04-01T20:21:51,21,5,0,26
2023-04-01T20:31:12,21,5,0,26
2023-04-01T20:40:33,21,5,0,26
2023-04-01T20:49:54,21,5,0,26
2023-04-01T20:59:15,21,5,0,26
2023-04-01T21:08:48,21,5,0,26
2023-04-01T21:18:09,21,5,0,26
2023-04-01T21:27:30,21,5,0,26
2023-04-01T21:36:51,21,5,0,26
2023-04-01T21:46:13,21,5,0,26
2023-04-01T21:55:35,21,5,0,26
2023-04-01T22:04:56,21,5,0,26
2023-04-01T22:14:18,21,5,0,26
2023-04-01T22:23:39,21,5,0,26
2023-04-01T22:33:11,21,5,0,26
2023-04-01T22:42:33,21,5,0,26
2023-04-01T22:51:54,21,5,0,26
2023-04-01T23:01:16,21,5,0,26
2023-04-01T23:10:38,21,5,0,26
2023-04-01T23:20:00,21,5,0,26
2023-04-01T23:29:22,21,5,0,26
2023-04-01T23:38:45,21,5,0,26
2023-04-01T23:48:17,21,5,0,26
2023-04-01T23:57:41,21,5,0,26
2023-04-02T00:07:06,21,5,0,26
2023-04-02T00:16:34,21,5,0,26
2023-04-02T00:25:59,21,5,0,26
2023-04-02T00:35:22,21,5,0,26
2023-04-02T00:44:46,21,5,0,26
2023-04-02T00:54:09,21,5,0,26
2023-04-02T01:03:34,21,5,0,26
2023-04-02T01:12:58,21,5,0,26
2023-04-02T01:22:20,21,5,0,26
2023-04-02T01:31:43,21,5,0,26
2023-04-02T01:41:08,21,5,0,26
2023-04-02T01:50:42,21,5,0,26
2023-04-02T02:00:05,21,5,0,26
2023-04-02T02:09:41,21,5,0,26
2023-04-02T02:19:04,21,5,0,26
2023-04-02T02:28:28,21,5,0,26
2023-04-02T02:37:51,21,5,0,26
2023-04-02T02:47:13,21,5,0,26
2023-04-02T02:56:37,21,5,0,26
2023-04-02T03:06:00,21,5,0,26
2023-04-02T03:15:24,21,5,0,26
2023-04-02T03:24:48,21,5,0,26
2023-04-02T03:34:12,21,5,0,26
2023-04-02T03:43:36,21,5,0,26
2023-04-02T03:53:00,21,5,0,26
2023-04-02T04:02:22,21,5,0,26
2023-04-02T04:12:23,21,5,0,26
2023-04-02T04:31:04,21,5,0,26
2023-04-02T04:40:55,21,5,0,26
2023-04-02T04:50:20,21,5,0,26
2023-04-02T04:59:44,21,5,0,26
2023-04-02T05:09:08,21,5,0,26
2023-04-02T05:18:33,21,5,0,26
2023-04-02T05:27:58,21,5,0,26
2023-04-02T05:37:22,21,5,0,26
2023-04-02T05:46:45,21,5,0,26
2023-04-02T05:56:09,21,5,0,26
2023-04-02T06:05:31,21,5,0,26
2023-04-02T06:14:53,21,5,0,26
2023-04-02T06:24:16,21,5,0,26
2023-04-02T06:33:40,21,5,0,26
2023-04-02T06:43:02,21,5,0,26
2023-04-02T06:52:22,21,5,0,26
2023-04-02T07:01:43,21,5,0,26
2023-04-02T07:11:04,21,5,0,26
2023-04-02T07:20:25,21,5,0,26
2023-04-02T07:29:46,21,5,0,26
2023-04-02T07:39:08,21,5,0,26
2023-04-02T07:48:28,21,5,0,26
2023-04-02T07:57:50,21,5,0,26
2023-04-02T08:07:14,21,5,0,26
2023-04-02T08:16:36,21,5,0,26
2023-04-02T08:25:59,21,5,0,26
2023-04-02T08:35:22,21,5,0,26
2023-04-02T08:44:42,21,5,0,26
2023-04-02T08:54:03,21,5,0,26
2023-04-02T09:03:23,21,5,0,26
2023-04-02T09:12:44,21,5,0,26
2023-04-02T09:22:05,21,5,0,26
2023-04-02T09:31:25,21,5,0,26
2023-04-02T09:40:47,21,5,0,26
2023-04-02T09:50:17,21,5,0,26
2023-04-02T09:59:38,21,5,0,26
2023-04-02T10:09:00,21,5,0,26
2023-04-02T10:18:21,21,5,0,26
2023-04-02T10:27:42,21,5,0,26
2023-04-02T10:37:03,21,5,0,26
2023-04-02T10:46:25,21,5,0,26
2023-04-02T10:55:45,21,5,0,26
2023-04-02T11:05:07,21,5,0,26
2023-04-02T11:14:28,21,5,0,26
2023-04-02T11:23:49,21,5,0,26
2023-04-02T11:33:21,21,5,0,26
2023-04-02T11:42:42,21,5,0,26
2023-04-02T11:52:03,21,5,0,26
2023-04-02T12:01:24,21,5,0,26
2023-04-02T12:10:46,21,5,0,26
2023-04-02T12:20:08,21,5,0,26
2023-04-02T12:29:30,21,5,0,26
2023-04-02T12:38:52,21,5,0,26
2023-04-02T12:48:25,21,5,0,26
2023-04-02T12:57:47,21,5,0,26
2023-04-02T13:07:09,21,5,0,26
2023-04-02T13:16:31,21,5,0,26
2023-04-02T13:25:53,21,5,0,26
2023-04-02T13:35:15,21,5,0,26
2023-04-02T13:44:38,21,5,0,26
2023-04-02T13:54:12,21,5,0,26
2023-04-02T14:03:35,21,5,0,26
2023-04-02T14:12:56,21,5,0,26
2023-04-02T14:22:18,21,5,0,26
2023-04-02T14:31:42,21,5,0,26
2023-04-02T14:41:06,21,5,0,26
2023-04-02T14:50:31,21,5,0,26
2023-04-02T15:00:05,21,5,0,26
2023-04-02T15:09:29,21,5,0,26
2023-04-02T15:18:53,21,5,0,26
2023-04-02T15:28:16,21,5,0,26
2023-04-02T15:37:38,21,5,0,26
2023-04-02T15:47:04,21,5,0,26
2023-04-02T15:56:36,21,5,0,26
2023-04-02T16:05:59,21,5,0,26
2023-04-02T16:15:21,21,5,0,26
2023-04-02T16:24:44,21,5,0,26
2023-04-02T16:34:07,21,5,0,26
2023-04-02T16:43:30,21,5,0,26
2023-04-02T16:52:52,21,5,0,26
2023-04-02T17:02:24,21,5,0,26
2023-04-02T17:11:47,21,5,0,26
2023-04-02T17:21:09,21,5,0,26
2023-04-02T17:30:31,21,5,0,26
2023-04-02T17:39:53,21,5,0,26
2023-04-02T17:49:16,21,5,0,26
2023-04-02T17:58:39,21,5,0,26
2023-04-02T18:08:11,21,5,0,26
2023-04-02T18:17:34,21,5,0,26
2023-04-02T18:26:56,21,5,0,26
2023-04-02T18:36:20,21,5,0,26
2023-04-02T18:45:42,21,5,0,26
2023-04-02T18:55:05,21,5,0,26
2023-04-02T19:04:28,21,5,0,26
2023-04-02T19:14:01,21,5,0,26
2023-04-02T19:23:23,21,5,0,26
2023-04-02T19:32:45,21,5,0,26
2023-04-02T19:42:08,21,5,0,26
2023-04-02T19:51:30,21,5,0,26
2023-04-02T20:00:53,21,5,0,26
2023-04-02T20:10:26,21,5,0,26
2023-04-02T20:19:49,21,5,0,26
2023-04-02T20:29:11,21,5,0,26
2023-04-02T20:38:34,21,5,0,26
2023-04-02T20:48:07,21,5,0,26
2023-04-02T20:57:31,21,5,0,26
2023-04-02T21:06:55,21,5,0,26
2023-04-02T21:16:19,21,5,0,26
2023-04-02T21:25:43,21,5,0,26
2023-04-02T21:35:16,21,5,0,26
2023-04-02T21:44:40,21,5,0,26
2023-04-02T21:54:03,21,5,0,26
2023-04-02T22:00:26,22,4,0,26
2023-04-02T22:07:03,22,4,0,26
2023-04-02T22:16:27,22,4,0,26
2023-04-02T22:26:01,22,4,0,26
2023-04-02T22:35:25,22,4,0,26
2023-04-02T22:44:49,22,4,0,26
2023-04-02T22:54:13,22,4,0,26
2023-04-02T23:03:52,22,4,0,26
2023-04-02T23:13:17,22,4,0,26
2023-04-02T23:22:42,22,4,0,26
2023-04-02T23:32:08,22,4,0,26
2023-04-02T23:41:42,22,4,0,26
2023-04-02T23:51:06,22,4,0,26
2023-04-03T00:00:33,22,4,0,26
2023-04-03T00:10:34,22,4,0,26
2023-04-03T00:20:20,22,4,0,26
2023-04-03T00:29:51,22,4,0,26
2023-04-03T00:39:24,22,4,0,26
2023-04-03T00:48:50,22,4,0,26
2023-04-03T00:58:24,22,4,0,26
2023-04-03T01:07:51,22,4,0,26
2023-04-03T01:17:19,22,4,0,26
2023-04-03T01:26:44,22,4,0,26
2023-04-03T01:36:08,22,4,0,26
2023-04-03T01:45:34,22,4,0,26
2023-04-03T01:55:07,22,4,0,26
2023-04-03T02:04:40,21,5,0,26
2023-04-03T02:14:04,21,5,0,26
2023-04-03T02:23:28,21,5,0,26
2023-04-03T02:32:51,21,5,0,26
2023-04-03T02:42:14,21,5,0,26
2023-04-03T02:51:37,21,5,0,26
2023-04-03T03:01:01,21,5,0,26
2023-04-03T03:10:25,21,5,0,26
2023-04-03T03:19:48,21,5,0,26
2023-04-03T03:29:11,21,5,0,26
2023-04-03T03:38:33,21,5,0,26
2023-04-03T03:47:55,21,5,0,26
2023-04-03T03:57:18,21,5,0,26
2023-04-03T04:06:51,21,5,0,26
2023-04-03T04:21:56,21,5,0,26
2023-04-03T04:31:47,21,5,0,26
2023-04-03T04:41:11,21,5,0,26
2023-04-03T04:50:35,21,5,0,26
2023-04-03T04:59:58,21,5,0,26
2023-04-03T05:09:23,21,5,0,26
2023-04-03T05:18:45,21,5,0,26
2023-04-03T05:28:06,21,5,0,26
2023-04-03T05:37:32,21,5,0,26
2023-04-03T05:46:56,21,5,0,26
2023-04-03T05:56:20,21,5,0,26
2023-04-03T06:05:43,21,5,0,26
2023-04-03T06:15:06,21,5,0,26
2023-04-03T06:24:29,21,5,0,26
2023-04-03T06:33:53,21,5,0,26
2023-04-03T06:43:16,21,5,0,26
2023-04-03T06:52:38,21,5,0,26
2023-04-03T07:02:02,21,5,0,26
2023-04-03T07:11:27,21,5,0,26
2023-04-03T07:20:51,21,5,0,26
2023-04-03T07:30:14,21,5,0,26
2023-04-03T07:39:40,21,5,0,26
2023-04-03T07:49:14,21,5,0,26
2023-04-03T07:58:40,21,5,0,26
2023-04-03T08:08:14,21,5,0,26
2023-04-03T08:17:41,21,5,0,26
2023-04-03T08:27:08,21,5,0,26
2023-04-03T08:36:45,21,5,0,26
2023-04-03T08:46:13,21,5,0,26
2023-04-03T08:55:41,21,5,0,26
2023-04-03T09:05:22,21,5,0,26
2023-04-03T09:14:51,21,5,0,26
2023-04-03T09:24:20,21,5,0,26
2023-04-03T09:34:00,21,5,0,26
2023-04-03T09:43:30,21,5,0,26
2023-04-03T09:53:10,21,5,0,26
2023-04-03T10:02:44,21,5,0,26
2023-04-03T10:12:19,21,5,0,26
2023-04-03T10:22:02,21,5,0,26
2023-04-03T10:31:33,21,5,0,26
2023-04-03T10:41:15,21,5,0,26
2023-04-03T10:50:45,21,5,0,26
2023-04-03T11:00:26,22,4,0,26
2023-04-03T11:10:11,22,4,0,26
2023-04-03T11:19:45,22,4,0,26
2023-04-03T11:29:28,22,4,0,26
2023-04-03T11:38:59,22,4,0,26
2023-04-03T11:48:40,22,4,0,26
2023-04-03T11:58:10,22,4,0,26
2023-04-03T12:07:52,22,4,0,26
2023-04-03T12:17:21,22,4,0,26
2023-04-03T12:26:49,22,4,0,26
2023-04-03T12:36:27,22,4,0,26
2023-04-03T12:45:54,22,4,0,26
2023-04-03T12:55:33,22,4,0,26
2023-04-03T13:05:02,22,4,0,26
2023-04-03T13:14:29,22,4,0,26
2023-04-03T13:24:08,22,4,0,26
2023-04-03T13:33:37,22,4,0,26
2023-04-03T13:43:06,21,5,0,26
2023-04-03T13:52:46,21,5,0,26
2023-04-03T14:02:16,21,5,0,26
2023-04-03T14:11:44,21,5,0,26
2023-04-03T14:21:25,21,5,0,26
2023-04-03T14:30:53,21,5,0,26
2023-04-03T14:40:24,21,5,0,26
2023-04-03T14:50:07,21,5,0,26
2023-04-03T14:59:37,21,5,0,26
2023-04-03T15:09:07,21,5,0,26
2023-04-03T15:18:48,21,5,0,26
2023-04-03T15:28:17,21,5,0,26
2023-04-03T15:37:47,21,5,0,26
2023-04-03T15:47:26,21,5,0,26
2023-04-03T15:56:55,21,5,0,26
2023-04-03T16:06:25,21,5,0,26
2023-04-03T16:16:05,21,5,0,26
2023-04-03T16:25:33,21,5,0,26
2023-04-03T16:35:01,21,5,0,26
2023-04-03T16:44:42,21,5,0,26
2023-04-03T16:54:10,21,5,0,26
2023-04-03T17:03:39,21,5,0,26
2023-04-03T17:13:19,21,5,0,26
2023-04-03T17:22:47,21,5,0,26
2023-04-03T17:32:15,21,5,0,26
2023-04-03T17:41:52,21,5,0,26
2023-04-03T17:51:18,21,5,0,26
2023-04-03T18:00:42,21,5,0,26
2023-04-03T18:10:19,21,5,0,26
2023-04-03T18:19:45,21,5,0,26
2023-04-03T18:29:13,21,5,0,26
2023-04-03T18:38:38,21,5,0,26
2023-04-03T18:48:16,21,5,0,26
2023-04-03T18:57:42,21,5,0,26
2023-04-03T19:07:08,21,5,0,26
2023-04-03T19:16:35,21,5,0,26
2023-04-03T19:26:00,21,5,0,26
2023-04-03T19:35:36,21,5,0,26
2023-04-03T19:45:03,21,5,0,26
2023-04-03T19:54:29,21,5,0,26
2023-04-03T20:03:55,21,5,0,26
2023-04-03T20:13:21,21,5,0,26
2023-04-03T20:22:58,21,5,0,26
2023-04-03T20:32:23,21,5,0,26
2023-04-03T20:41:49,21,5,0,26
2023-04-03T20:51:14,21,5,0,26
2023-04-03T21:00:41,21,5,0,26
2023-04-03T21:10:19,21,5,0,26
2023-04-03T21:19:46,21,5,0,26
2023-04-03T21:29:12,21,5,0,26
2023-04-03T21:38:38,21,5,0,26
2023-04-03T21:48:15,21,5,0,26
2023-04-03T21:57:41,21,5,0,26
2023-04-03T22:07:08,21,5,0,26
2023-04-03T22:16:35,21,5,0,26
2023-04-03T22:26:00,21,5,0,26
2023-04-03T22:35:40,21,5,0,26
2023-04-03T22:45:05,21,5,0,26
2023-04-03T22:54:31,21,5,0,26
2023-04-03T23:03:58,21,5,0,26
2023-04-03T23:13:37,21,5,0,26
2023-04-03T23:23:03,21,5,0,26
2023-04-03T23:32:29,21,5,0,26
2023-04-03T23:41:55,21,5,0,26
2023-04-03T23:51:20,21,5,0,26
2023-04-04T00:00:58,21,5,0,26
2023-04-04T00:10:34,21,5,0,26
2023-04-04T00:20:03,21,5,0,26
2023-04-04T00:29:31,21,5,0,26
2023-04-04T00:39:04,21,5,0,26
2023-04-04T00:48:41,21,5,0,26
2023-04-04T00:58:09,21,5,0,26
2023-04-04T01:07:36,21,5,0,26
2023-04-04T01:17:03,21,5,0,26
2023-04-04T01:26:30,21,5,0,26
2023-04-04T01:35:57,21,5,0,26
2023-04-04T01:45:23,21,5,0,26
2023-04-04T01:54:48,21,5,0,26
2023-04-04T02:04:25,21,5,0,26
2023-04-04T02:13:50,21,5,0,26
2023-04-04T02:23:16,21,5,0,26
2023-04-04T02:32:43,21,5,0,26
2023-04-04T02:42:07,21,5,0,26
2023-04-04T02:51:32,21,5,0,26
2023-04-04T03:00:57,21,5,0,26
2023-04-04T03:10:21,21,5,0,26
2023-04-04T03:19:44,21,5,0,26
2023-04-04T03:29:08,21,5,0,26
2023-04-04T03:38:31,21,5,0,26
2023-04-04T03:47:54,21,5,0,26
2023-04-04T03:57:18,21,5,0,26
2023-04-04T04:07:51,21,5,0,26
2023-04-04T04:21:54,21,5,0,26
2023-04-04T04:31:45,21,5,0,26
2023-04-04T04:41:11,21,5,0,26
2023-04-04T04:50:39,21,5,0,26
2023-04-04T05:00:08,21,5,0,26
2023-04-04T05:09:37,21,5,0,26
2023-04-04T05:19:08,21,5,0,26
2023-04-04T05:28:36,21,5,0,26
2023-04-04T05:38:04,21,5,0,26
2023-04-04T05:47:33,21,5,0,26
2023-04-04T05:57:03,21,5,0,26
2023-04-04T06:06:46,21,5,0,26
2023-04-04T06:16:15,21,5,0,26
2023-04-04T06:25:43,21,5,0,26
2023-04-04T06:35:11,21,5,0,26
2023-04-04T06:44:39,21,5,0,26
2023-04-04T06:54:06,21,5,0,26
2023-04-04T07:03:38,21,5,0,26
2023-04-04T07:13:06,21,5,0,26
2023-04-04T07:22:34,21,5,0,26
2023-04-04T07:32:25,21,5,0,26
2023-04-04T07:41:54,21,5,0,26
2023-04-04T07:51:22,21,5,0,26
2023-04-04T08:00:50,21,5,0,26
2023-04-04T08:10:19,21,5,0,26
2023-04-04T08:19:48,21,5,0,26
2023-04-04T08:29:28,21,5,0,26
2023-04-04T08:38:57,21,5,0,26
2023-04-04T08:48:26,21,5,0,26
2023-04-04T08:57:57,21,5,0,26
2023-04-04T09:07:49,21,5,0,26
2023-04-04T09:17:18,21,5,0,26
2023-04-04T09:26:49,21,5,0,26
2023-04-04T09:36:34,21,5,0,26
2023-04-04T09:46:04,21,5,0,26
2023-04-04T09:55:56,21,5,0,26
2023-04-04T10:05:27,21,5,0,26
2023-04-04T10:14:59,21,5,0,26
2023-04-04T10:24:41,21,5,0,26
2023-04-04T10:34:13,21,5,0,26
2023-04-04T10:44:02,21,5,0,26
2023-04-04T10:53:34,21,5,0,26
2023-04-04T11:03:08,21,5,0,26
2023-04-04T11:12:55,21,5,0,26
2023-04-04T11:22:30,21,5,0,26
2023-04-04T11:32:17,21,5,0,26
2023-04-04T11:41:53,21,5,0,26
2023-04-04T11:52:00,21,5,0,26
2023-04-04T12:01:33,21,5,0,26
2023-04-04T12:11:09,21,5,0,26
2023-04-04T12:20:50,21,5,0,26
2023-04-04T12:30:21,21,5,0,26
2023-04-04T12:40:03,21,5,0,26
2023-04-04T12:49:33,21,5,0,26
2023-04-04T12:59:15,21,5,0,26
2023-04-04T13:08:47,22,4,0,26
2023-04-04T13:18:20,22,4,0,26
2023-04-04T13:28:02,22,4,0,26
2023-04-04T13:37:34,22,4,0,26
2023-04-04T13:47:25,22,4,0,26
2023-04-04T13:56:58,22,4,0,26
2023-04-04T14:06:33,22,4,0,26
2023-04-04T14:16:16,22,4,0,26
2023-04-04T14:25:46,22,4,0,26
2023-04-04T14:35:47,22,4,0,26
2023-04-04T14:45:18,22,4,0,26
2023-04-04T14:54:48,22,4,0,26
2023-04-04T15:04:30,22,4,0,26
2023-04-04T15:14:00,22,4,0,26
2023-04-04T15:23:30,22,4,0,26
2023-04-04T15:33:22,22,4,0,26
2023-04-04T15:42:52,22,4,0,26
2023-04-04T15:52:34,22,4,0,26
2023-04-04T16:02:06,22,4,0,26
2023-04-04T16:11:34,22,4,0,26
2023-04-04T16:21:24,22,4,0,26
2023-04-04T16:30:51,22,4,0,26
2023-04-04T16:40:36,22,4,0,26
2023-04-04T16:50:04,22,4,0,26
2023-04-04T16:59:33,22,4,0,26
2023-04-04T17:09:01,22,4,0,26
2023-04-04T17:18:39,22,4,0,26
2023-04-04T17:28:06,22,4,0,26
2023-04-04T17:37:33,22,4,0,26
2023-04-04T17:47:12,22,4,0,26
2023-04-04T17:56:39,22,4,0,26
2023-04-04T18:06:07,22,4,0,26
2023-04-04T18:15:54,22,4,0,26
2023-04-04T18:25:21,22,4,0,26
2023-04-04T18:34:49,22,4,0,26
2023-04-04T18:44:16,22,4,0,26
2023-04-04T18:53:54,22,4,0,26
2023-04-04T19:03:21,21,5,0,26
2023-04-04T19:12:47,21,5,0,26
2023-04-04T19:22:14,21,5,0,26
2023-04-04T19:31:40,21,5,0,26
2023-04-04T19:41:04,21,5,0,26
2023-04-04T19:50:51,21,5,0,26
2023-04-04T20:00:15,20,6,0,26
2023-04-04T20:09:40,20,6,0,26
2023-04-04T20:19:06,20,6,0,26
2023-04-04T20:28:30,20,6,0,26
2023-04-04T20:37:56,20,6,0,26
2023-04-04T20:47:31,20,6,0,26
2023-04-04T20:56:55,20,6,0,26
2023-04-04T21:06:19,20,6,0,26
2023-04-04T21:15:45,20,6,0,26
2023-04-04T21:25:09,20,6,0,26
2023-04-04T21:34:45,20,6,0,26
2023-04-04T21:44:09,20,6,0,26
2023-04-04T21:53:33,20,6,0,26
2023-04-04T22:02:59,20,6,0,26
2023-04-04T22:12:43,20,6,0,26
2023-04-04T22:22:07,21,5,0,26
2023-04-04T22:31:31,21,5,0,26
2023-04-04T22:40:57,21,5,0,26
2023-04-04T22:50:22,21,5,0,26
2023-04-04T22:59:47,21,5,0,26
2023-04-04T23:09:27,21,5,0,26
2023-04-04T23:18:51,21,5,0,26
2023-04-04T23:28:16,21,5,0,26
2023-04-04T23:37:39,21,5,0,26
2023-04-04T23:47:03,21,5,0,26
2023-04-04T23:56:26,21,5,0,26
2023-04-05T00:05:51,21,5,0,26
2023-04-05T00:15:44,21,5,0,26
2023-04-05T00:25:09,21,5,0,26
2023-04-05T00:34:31,21,5,0,26
2023-04-05T00:43:53,21,5,0,26
2023-04-05T00:53:16,21,5,0,26
2023-04-05T01:02:38,21,5,0,26
2023-04-05T01:12:04,21,5,0,26
2023-04-05T01:21:56,21,5,0,26
2023-04-05T01:31:18,21,5,0,26
2023-04-05T01:40:40,21,5,0,26
2023-04-05T01:50:01,21,5,0,26
2023-04-05T01:59:22,21,5,0,26
2023-04-05T02:08:43,21,5,0,26
2023-04-05T02:18:03,21,5,0,26
2023-04-05T02:27:23,21,5,0,26
2023-04-05T02:36:43,21,5,0,26
2023-04-05T02:46:16,21,5,0,26
2023-04-05T02:55:46,21,5,0,26
2023-04-05T03:05:10,21,5,0,26
2023-04-05T03:14:32,21,5,0,26
2023-04-05T03:23:55,21,5,0,26
2023-04-05T03:33:17,21,5,0,26
2023-04-05T03:42:41,21,5,0,26
2023-04-05T03:52:15,21,5,0,26
2023-04-05T04:01:39,21,5,0,26
2023-04-05T04:11:03,21,5,0,26
2023-04-05T04:23:32,21,5,0,26
2023-04-05T04:34:16,21,5,0,26
2023-04-05T04:44:00,21,5,0,26
2023-04-05T04:53:26,21,5,0,26
2023-04-05T05:02:50,21,5,0,26
2023-04-05T05:12:17,21,5,0,26
2023-04-05T05:21:44,21,5,0,26
2023-04-05T05:31:09,21,5,0,26
2023-04-05T05:40:38,21,5,0,26
2023-04-05T05:50:04,21,5,0,26
2023-04-05T05:59:28,21,5,0,26
2023-04-05T06:08:52,21,5,0,26
2023-04-05T06:18:17,21,5,0,26
2023-04-05T06:27:42,21,5,0,26
2023-04-05T06:37:06,21,5,0,26
2023-04-05T06:46:30,21,5,0,26
2023-04-05T06:55:55,21,5,0,26
2023-04-05T07:05:19,21,5,0,26
2023-04-05T07:14:43,21,5,0,26
2023-04-05T07:24:08,21,5,0,26
2023-04-05T07:33:33,21,5,0,26
2023-04-05T07:42:59,21,5,0,26
2023-04-05T07:52:24,21,5,0,26
2023-04-05T08:02:01,21,5,0,26
2023-04-05T08:11:25,21,5,0,26
2023-04-05T08:20:50,21,5,0,26
2023-04-05T08:30:15,21,5,0,26
2023-04-05T08:39:40,21,5,0,26
2023-04-05T08:49:06,21,5,0,26
2023-04-05T08:58:33,21,5,0,26
2023-04-05T09:07:59,21,5,0,26
2023-04-05T09:17:37,21,5,0,26
2023-04-05T09:27:04,21,5,0,26
2023-04-05T09:36:31,21,5,0,26
2023-04-05T09:45:59,21,5,0,26
2023-04-05T09:55:26,21,5,0,26
2023-04-05T10:04:55,21,5,0,26
2023-04-05T10:14:35,21,5,0,26
2023-04-05T10:24:03,21,5,0,26
2023-04-05T10:33:31,21,5,0,26
2023-04-05T10:42:58,21,5,0,26
2023-04-05T10:52:26,21,5,0,26
2023-04-05T11:02:04,21,5,0,26
2023-04-05T11:11:32,21,5,0,26
2023-04-05T11:20:59,21,5,0,26
2023-04-05T11:30:27,21,5,0,26
2023-04-05T11:40:04,21,5,0,26
2023-04-05T11:49:32,21,5,0,26
2023-04-05T11:59:00,20,6,0,26
2023-04-05T12:08:32,20,6,0,26
2023-04-05T12:18:10,20,6,0,26
2023-04-05T12:27:38,20,6,0,26
2023-04-05T12:37:05,20,6,0,26
2023-04-05T12:46:33,19,7,0,26
2023-04-05T12:56:10,19,7,0,26
2023-04-05T13:05:38,19,7,0,26
2023-04-05T13:15:06,19,7,0,26
2023-04-05T13:24:34,19,7,0,26
2023-04-05T13:34:13,19,7,0,26
2023-04-05T13:43:42,19,7,0,26
2023-04-05T13:53:11,19,7,0,26
2023-04-05T14:02:41,19,7,0,26
2023-04-05T14:12:21,19,7,0,26
2023-04-05T14:21:51,19,7,0,26
2023-04-05T14:31:20,19,7,0,26
2023-04-05T14:40:49,19,7,0,26
2023-04-05T14:50:28,19,7,0,26
2023-04-05T14:59:57,19,7,0,26
2023-04-05T15:09:27,19,7,0,26
2023-04-05T15:18:56,19,7,0,26
2023-04-05T15:28:34,19,7,0,26
2023-04-05T15:38:02,19,7,0,26
2023-04-05T15:47:31,19,7,0,26
2023-04-05T15:56:59,19,7,0,26
2023-04-05T16:06:27,19,7,0,26
2023-04-05T16:16:07,19,7,0,26
2023-04-05T16:25:36,19,7,0,26
2023-04-05T16:35:04,19,7,0,26
2023-04-05T16:44:31,19,7,0,26
2023-04-05T16:54:12,19,7,0,26
2023-04-05T17:03:39,19,7,0,26
2023-04-05T17:13:07,19,7,0,26
2023-04-05T17:22:34,19,7,0,26
2023-04-05T17:32:03,19,7,0,26
2023-04-05T17:41:41,19,7,0,26
2023-04-05T17:51:07,19,7,0,26
2023-04-05T18:00:33,19,7,0,26
2023-04-05T18:10:00,19,7,0,26
2023-04-05T18:19:26,19,7,0,26
2023-04-05T18:28:52,19,7,0,26
2023-04-05T18:38:29,20,6,0,26
2023-04-05T18:47:55,19,7,0,26
2023-04-05T18:57:20,19,7,0,26
2023-04-05T19:06:46,19,7,0,26
2023-04-05T19:16:12,19,7,0,26
2023-04-05T19:25:38,19,7,0,26
2023-04-05T19:35:15,19,7,0,26
2023-04-05T19:44:41,19,7,0,26
2023-04-05T19:54:06,19,7,0,26
2023-04-05T20:03:31,19,7,0,26
2023-04-05T20:12:56,19,7,0,26
2023-04-05T20:22:22,19,7,0,26
2023-04-05T20:31:47,19,7,0,26
2023-04-05T20:41:12,19,7,0,26
2023-04-05T20:50:48,19,7,0,26
2023-04-05T21:00:13,19,7,0,26
2023-04-05T21:09:38,19,7,0,26
2023-04-05T21:19:04,19,7,0,26
2023-04-05T21:28:30,19,7,0,26
2023-04-05T21:37:55,19,7,0,26
2023-04-05T21:47:20,19,7,0,26
2023-04-05T21:56:57,19,7,0,26
2023-04-05T22:06:33,19,7,0,26
2023-04-05T22:15:59,19,7,0,26
2023-04-05T22:25:25,19,7,0,26
2023-04-05T22:34:51,19,7,0,26
2023-04-05T22:44:16,19,7,0,26
2023-04-05T22:53:42,19,7,0,26
2023-04-05T23:03:19,19,7,0,26
2023-04-05T23:12:46,19,7,0,26
2023-04-05T23:22:12,19,7,0,26
2023-04-05T23:31:38,19,7,0,26
2023-04-05T23:41:03,19,7,0,26
2023-04-05T23:50:28,19,7,0,26
2023-04-05T23:59:54,19,7,0,26
2023-04-06T00:09:32,19,7,0,26
2023-04-06T00:19:26,19,7,0,26
2023-04-06T00:28:54,19,7,0,26
2023-04-06T00:38:21,19,7,0,26
2023-04-06T00:47:49,19,7,0,26
2023-04-06T00:57:16,19,7,0,26
2023-04-06T01:06:43,19,7,0,26
2023-04-06T01:16:11,19,7,0,26
2023-04-06T01:25:38,19,7,0,26
2023-04-06T01:35:04,19,7,0,26
2023-04-06T01:44:29,19,7,0,26
2023-04-06T01:53:55,19,7,0,26
2023-04-06T02:03:21,19,7,0,26
2023-04-06T02:12:45,19,7,0,26
2023-04-06T02:22:22,19,7,0,26
2023-04-06T02:31:46,19,7,0,26
2023-04-06T02:41:10,19,7,0,26
2023-04-06T02:50:36,19,7,0,26
2023-04-06T03:00:00,19,7,0,26
2023-04-06T03:09:25,19,7,0,26
2023-04-06T03:18:51,19,7,0,26
2023-04-06T03:28:17,19,7,0,26
2023-04-06T03:37:42,19,7,0,26
2023-04-06T03:47:08,19,7,0,26
2023-04-06T03:56:34,19,7,0,26
2023-04-06T04:06:00,19,7,0,26
2023-04-06T04:15:26,19,7,0,26
2023-04-06T04:27:34,19,7,0,26
2023-04-06T04:37:19,19,7,0,26
2023-04-06T04:46:54,19,7,0,26
2023-04-06T04:56:22,19,7,0,26
2023-04-06T05:05:50,19,7,0,26
2023-04-06T05:15:21,19,7,0,26
2023-04-06T05:24:50,19,7,0,26
2023-04-06T05:34:19,19,7,0,26
2023-04-06T05:43:47,19,7,0,26
2023-04-06T05:53:15,19,7,0,26
2023-04-06T06:02:41,19,7,0,26
2023-04-06T06:12:08,19,7,0,26
2023-04-06T06:21:35,19,7,0,26
2023-04-06T06:31:05,19,7,0,26
2023-04-06T06:40:32,19,7,0,26
2023-04-06T06:49:59,19,7,0,26
2023-04-06T06:59:25,19,7,0,26
2023-04-06T07:08:54,19,7,0,26
2023-04-06T07:18:22,19,7,0,26
2023-04-06T07:27:48,19,7,0,26
2023-04-06T07:37:16,19,7,0,26
2023-04-06T07:46:54,19,7,0,26
2023-04-06T07:56:22,19,7,0,26
2023-04-06T08:05:50,19,7,0,26
2023-04-06T08:15:17,19,7,0,26
2023-04-06T08:24:47,19,7,0,26
2023-04-06T08:34:16,19,7,0,26
2023-04-06T08:43:44,19,7,0,26
2023-04-06T08:53:12,19,7,0,26
2023-04-06T09:02:40,19,7,0,26
2023-04-06T09:12:22,19,7,0,26
2023-04-06T09:21:51,19,7,0,26
2023-04-06T09:31:18,19,7,0,26
2023-04-06T09:40:46,19,7,0,26
2023-04-06T09:50:15,19,7,0,26
2023-04-06T09:59:43,19,7,0,26
2023-04-06T10:09:21,19,7,0,26
2023-04-06T10:18:49,19,7,0,26
2023-04-06T10:28:17,19,7,0,26
2023-04-06T10:37:45,19,7,0,26
2023-04-06T10:47:12,19,7,0,26
2023-04-06T10:56:52,19,7,0,26
2023-04-06T11:06:20,19,7,0,26
2023-04-06T11:15:48,19,7,0,26
2023-04-06T11:25:15,19,7,0,26
2023-04-06T11:35:03,19,7,0,26
2023-04-06T11:44:31,19,7,0,26
2023-04-06T11:53:57,19,7,0,26
2023-04-06T12:03:24,19,7,0,26
2023-04-06T12:12:51,19,7,0,26
2023-04-06T12:22:27,19,7,0,26
2023-04-06T12:31:54,19,7,0,26
2023-04-06T12:41:21,19,7,0,26
2023-04-06T12:50:48,19,7,0,26
2023-04-06T13:00:26,19,7,0,26
2023-04-06T13:09:53,19,7,0,26
2023-04-06T13:19:20,19,7,0,26
2023-04-06T13:28:48,19,7,0,26
2023-04-06T13:38:35,19,7,0,26
2023-04-06T13:48:03,19,7,0,26
2023-04-06T13:57:31,19,7,0,26
2023-04-06T14:07:00,19,7,0,26
2023-04-06T14:16:27,19,7,0,26
2023-04-06T14:26:05,19,7,0,26
2023-04-06T14:35:32,19,7,0,26
2023-04-06T14:45:00,19,7,0,26
2023-04-06T14:54:27,19,7,0,26
2023-04-06T15:03:55,19,7,0,26
2023-04-06T15:13:33,19,7,0,26
2023-04-06T15:23:00,19,7,0,26
2023-04-06T15:32:27,19,7,0,26
2023-04-06T15:41:54,19,7,0,26
2023-04-06T15:51:23,19,7,0,26
2023-04-06T16:01:01,19,7,0,26
2023-04-06T16:10:32,19,7,0,26
2023-04-06T16:20:07,19,7,0,26
2023-04-06T16:29:40,19,7,0,26
2023-04-06T16:39:15,19,7,0,26
2023-04-06T16:49:08,19,7,0,26
2023-04-06T16:58:43,19,7,0,26
2023-04-06T17:08:18,19,7,0,26
2023-04-06T17:17:53,19,7,0,26
2023-04-06T17:27:26,19,7,0,26
2023-04-06T17:37:10,19,7,0,26
2023-04-06T17:46:41,19,7,0,26
2023-04-06T17:56:11,19,7,0,26
2023-04-06T18:05:39,19,7,0,26
2023-04-06T18:15:05,19,7,0,26
2023-04-06T18:24:31,19,7,0,26
2023-04-06T18:33:56,19,7,0,26
2023-04-06T18:43:32,19,7,0,26
2023-04-06T18:52:58,19,7,0,26
2023-04-06T19:02:23,19,7,0,26
2023-04-06T19:11:47,19,7,0,26
2023-04-06T19:21:12,19,7,0,26
2023-04-06T19:30:36,19,7,0,26
2023-04-06T19:40:12,19,7,0,26
2023-04-06T19:49:36,19,7,0,26
2023-04-06T19:59:01,19,7,0,26
2023-04-06T20:08:25,19,7,0,26
2023-04-06T20:17:49,19,7,0,26
2023-04-06T20:27:13,19,7,0,26
2023-04-06T20:36:38,19,7,0,26
2023-04-06T20:46:02,19,7,0,26
2023-04-06T20:55:45,19,7,0,26
2023-04-06T21:05:10,19,7,0,26
2023-04-06T21:14:34,19,7,0,26
2023-04-06T21:23:59,19,7,0,26
2023-04-06T21:33:23,19,7,0,26
2023-04-06T21:42:48,19,7,0,26
2023-04-06T21:52:12,19,7,0,26
2023-04-06T22:01:37,19,7,0,26
2023-04-06T22:11:03,19,7,0,26
2023-04-06T22:20:38,19,7,0,26
2023-04-06T22:30:03,19,7,0,26
2023-04-06T22:39:29,19,7,0,26
2023-04-06T22:48:53,19,7,0,26
2023-04-06T22:58:17,19,7,0,26
2023-04-06T23:07:44,19,7,0,26
2023-04-06T23:17:09,19,7,0,26
2023-04-06T23:26:35,19,7,0,26
2023-04-06T23:36:00,19,7,0,26
2023-04-06T23:45:38,19,7,0,26
2023-04-06T23:55:08,19,7,0,26
2023-04-07T00:04:46,19,7,0,26
2023-04-07T00:14:33,19,7,0,26
2023-04-07T00:24:23,19,7,0,26
2023-04-07T00:34:11,19,7,0,26
2023-04-07T00:44:00,19,7,0,26
2023-04-07T00:53:45,19,7,0,26
2023-04-07T01:03:30,19,7,0,26
2023-04-07T01:13:19,19,7,0,26
2023-04-07T01:23:05,19,7,0,26
2023-04-07T01:33:08,19,7,0,26
2023-04-07T01:42:52,19,7,0,26
2023-04-07T01:52:31,19,7,0,26
2023-04-07T02:02:05,19,7,0,26
2023-04-07T02:11:38,19,7,0,26
2023-04-07T02:21:05,19,7,0,26
2023-04-07T02:30:30,19,7,0,26
2023-04-07T02:39:56,19,7,0,26
2023-04-07T02:49:34,19,7,0,26
2023-04-07T02:59:00,19,7,0,26
2023-04-07T03:08:28,19,7,0,26
2023-04-07T03:17:56,19,7,0,26
2023-04-07T03:27:23,19,7,0,26
2023-04-07T03:36:51,19,7,0,26
2023-04-07T03:46:17,19,7,0,26
2023-04-07T03:55:44,19,7,0,26
2023-04-07T04:05:11,19,7,0,26
2023-04-07T04:14:39,19,7,0,26
2023-04-07T04:29:41,19,7,0,26
2023-04-07T04:40:38,19,7,0,26
2023-04-07T04:50:06,19,7,0,26
2023-04-07T04:59:36,19,7,0,26
2023-04-07T05:09:04,19,7,0,26
2023-04-07T05:18:33,19,7,0,26
2023-04-07T05:28:00,19,7,0,26
2023-04-07T05:37:27,19,7,0,26
2023-04-07T05:46:53,19,7,0,26
2023-04-07T05:56:22,19,7,0,26
2023-04-07T06:05:48,19,7,0,26
2023-04-07T06:15:14,19,7,0,26
2023-04-07T06:24:41,19,7,0,26
2023-04-07T06:34:06,19,7,0,26
2023-04-07T06:43:31,19,7,0,26
2023-04-07T06:52:56,19,7,0,26
2023-04-07T07:02:21,19,7,0,26
2023-04-07T07:11:48,19,7,0,26
2023-04-07T07:21:13,19,7,0,26
2023-04-07T07:30:39,19,7,0,26
2023-04-07T07:40:06,19,7,0,26
2023-04-07T07:49:32,19,7,0,26
2023-04-07T07:58:57,19,7,0,26
2023-04-07T08:08:32,19,7,0,26
2023-04-07T08:17:57,19,7,0,26
2023-04-07T08:27:23,19,7,0,26
2023-04-07T08:36:48,19,7,0,26
2023-04-07T08:46:13,19,7,0,26
2023-04-07T08:55:39,19,7,0,26
2023-04-07T09:05:06,19,7,0,26
2023-04-07T09:14:32,19,7,0,26
2023-04-07T09:23:59,19,7,0,26
2023-04-07T09:33:25,19,7,0,26
2023-04-07T09:43:11,19,7,0,26
2023-04-07T09:52:38,19,7,0,26
2023-04-07T10:02:05,19,7,0,26
2023-04-07T10:11:33,19,7,0,26
2023-04-07T10:21:00,19,7,0,26
2023-04-07T10:30:27,19,7,0,26
2023-04-07T10:40:03,19,7,0,26
2023-04-07T10:49:31,19,7,0,26
2023-04-07T10:58:58,19,7,0,26
2023-04-07T11:08:26,19,7,0,26
2023-04-07T11:17:54,19,7,0,26
2023-04-07T11:27:41,19,7,0,26
2023-04-07T11:37:09,19,7,0,26
2023-04-07T11:46:36,19,7,0,26
2023-04-07T11:56:03,19,7,0,26
2023-04-07T12:05:30,19,7,0,26
2023-04-07T12:14:57,19,7,0,26
2023-04-07T12:24:45,19,7,0,26
2023-04-07T12:34:11,19,7,0,26
2023-04-07T12:43:38,19,7,0,26
2023-04-07T12:53:03,19,7,0,26
2023-04-07T13:02:31,19,7,0,26
2023-04-07T13:11:59,19,7,0,26
2023-04-07T13:21:27,19,7,0,26
2023-04-07T13:31:05,19,7,0,26
2023-04-07T13:40:32,19,7,0,26
2023-04-07T13:49:59,19,7,0,26
2023-04-07T13:59:27,19,7,0,26
2023-04-07T14:08:54,19,7,0,26
2023-04-07T14:18:21,19,7,0,26
2023-04-07T14:28:05,19,7,0,26
2023-04-07T14:37:32,19,7,0,26
2023-04-07T14:46:58,19,7,0,26
2023-04-07T14:56:26,19,7,0,26
2023-04-07T15:05:52,19,7,0,26
2023-04-07T15:15:18,19,7,0,26
2023-04-07T15:24:43,19,7,0,26
2023-04-07T15:34:20,19,7,0,26
2023-04-07T15:43:46,19,7,0,26
2023-04-07T15:53:12,19,7,0,26
2023-04-07T16:02:38,19,7,0,26
2023-04-07T16:12:03,19,7,0,26
2023-04-07T16:21:28,19,7,0,26
2023-04-07T16:30:53,19,7,0,26
2023-04-07T16:40:19,19,7,0,26
2023-04-07T16:49:56,19,7,0,26
2023-04-07T16:59:22,19,7,0,26
2023-04-07T17:08:47,19,7,0,26
2023-04-07T17:18:13,19,7,0,26
2023-04-07T17:27:38,19,7,0,26
2023-04-07T17:37:02,19,7,0,26
2023-04-07T17:46:29,19,7,0,26
2023-04-07T17:55:53,19,7,0,26
2023-04-07T18:05:28,19,7,0,26
2023-04-07T18:14:53,19,7,0,26
2023-04-07T18:24:17,19,7,0,26
2023-04-07T18:33:42,19,7,0,26
2023-04-07T18:43:06,19,7,0,26
2023-04-07T18:52:30,19,7,0,26
2023-04-07T19:01:55,19,7,0,26
2023-04-07T19:11:19,19,7,0,26
2023-04-07T19:20:44,19,7,0,26
2023-04-07T19:30:10,19,7,0,26
2023-04-07T19:39:34,19,7,0,26
2023-04-07T19:49:11,19,7,0,26
2023-04-07T19:58:36,19,7,0,26
2023-04-07T20:08:00,19,7,0,26
2023-04-07T20:17:25,19,7,0,26
2023-04-07T20:26:50,19,7,0,26
2023-04-07T20:36:15,19,7,0,26
2023-04-07T20:45:40,19,7,0,26
2023-04-07T20:55:04,19,7,0,26
2023-04-07T21:04:28,19,7,0,26
2023-04-07T21:13:53,19,7,0,26
2023-04-07T21:23:17,19,7,0,26
2023-04-07T21:32:42,19,7,0,26
2023-04-07T21:42:07,19,7,0,26
2023-04-07T21:51:42,19,7,0,26
2023-04-07T22:01:06,19,7,0,26
2023-04-07T22:10:30,19,7,0,26
2023-04-07T22:19:55,19,7,0,26
2023-04-07T22:29:19,19,7,0,26
2023-04-07T22:38:44,19,7,0,26
2023-04-07T22:48:09,19,7,0,26
2023-04-07T22:57:34,19,7,0,26
2023-04-07T23:07:02,19,7,0,26
2023-04-07T23:16:27,19,7,0,26
2023-04-07T23:25:52,19,7,0,26
2023-04-07T23:35:17,19,7,0,26
2023-04-07T23:44:52,19,7,0,26
2023-04-07T23:54:17,19,7,0,26
2023-04-08T00:03:43,19,7,0,26
2023-04-08T00:13:26,19,7,0,26
2023-04-08T00:22:56,19,7,0,26
2023-04-08T00:32:23,19,7,0,26
2023-04-08T00:41:51,19,7,0,26
2023-04-08T00:51:18,19,7,0,26
2023-04-08T01:00:46,19,7,0,26
2023-04-08T01:10:12,19,7,0,26
2023-04-08T01:19:41,19,7,0,26
2023-04-08T01:29:09,19,7,0,26
2023-04-08T01:38:36,19,7,0,26
2023-04-08T01:48:05,19,7,0,26
2023-04-08T01:57:32,19,7,0,26
2023-04-08T02:06:56,19,7,0,26
2023-04-08T02:16:20,19,7,0,26
2023-04-08T02:25:54,19,7,0,26
2023-04-08T02:35:18,19,7,0,26
2023-04-08T02:44:42,19,7,0,26
2023-04-08T02:54:07,19,7,0,26
2023-04-08T03:03:32,19,7,0,26
2023-04-08T03:13:00,19,7,0,26
2023-04-08T03:22:27,19,7,0,26
2023-04-08T03:31:54,19,7,0,26
2023-04-08T03:41:20,19,7,0,26
2023-04-08T03:50:46,19,7,0,26
2023-04-08T04:00:12,19,7,0,26
2023-04-08T04:19:26,19,7,0,26
2023-04-08T04:28:55,19,7,0,26
2023-04-08T04:38:23,19,7,0,26
2023-04-08T04:49:22,19,7,0,26
2023-04-08T04:58:50,19,7,0,26
2023-04-08T05:08:18,19,7,0,26
2023-04-08T05:18:53,19,7,0,26
2023-04-08T05:28:21,19,7,0,26
2023-04-08T05:37:49,19,7,0,26
2023-04-08T05:47:17,19,7,0,26
2023-04-08T05:56:44,19,7,0,26
2023-04-08T06:06:12,19,7,0,26
2023-04-08T06:15:39,19,7,0,26
2023-04-08T06:25:06,19,7,0,26
2023-04-08T06:34:33,19,7,0,26
2023-04-08T06:44:01,19,7,0,26
2023-04-08T06:53:28,19,7,0,26
2023-04-08T07:02:55,19,7,0,26
2023-04-08T07:12:22,19,7,0,26
2023-04-08T07:21:59,19,7,0,26
2023-04-08T07:31:26,19,7,0,26
2023-04-08T07:40:53,19,7,0,26
2023-04-08T07:50:20,19,7,0,26
2023-04-08T07:59:46,19,7,0,26
2023-04-08T08:09:13,19,7,0,26
2023-04-08T08:18:39,19,7,0,26
2023-04-08T08:28:07,19,7,0,26
2023-04-08T08:37:35,19,7,0,26
2023-04-08T08:47:04,19,7,0,26
2023-04-08T08:56:32,19,7,0,26
2023-04-08T09:05:58,19,7,0,26
2023-04-08T09:15:41,19,7,0,26
2023-04-08T09:25:08,19,7,0,26
2023-04-08T09:34:35,19,7,0,26
2023-04-08T09:44:04,19,7,0,26
2023-04-08T09:53:31,19,7,0,26
2023-04-08T10:02:59,19,7,0,26
2023-04-08T10:12:26,19,7,0,26
2023-04-08T10:21:53,19,7,0,26
2023-04-08T10:31:20,19,7,0,26
2023-04-08T10:40:47,19,7,0,26
2023-04-08T10:50:13,19,7,0,26
2023-04-08T10:59:39,19,7,0,26
2023-04-08T11:09:05,19,7,0,26
2023-04-08T11:18:30,19,7,0,26
2023-04-08T11:28:06,19,7,0,26
2023-04-08T11:37:32,19,7,0,26
2023-04-08T11:46:58,19,7,0,26
2023-04-08T11:56:23,19,7,0,26
2023-04-08T12:05:49,19,7,0,26
2023-04-08T12:15:13,19,7,0,26
2023-04-08T12:24:38,19,7,0,26
2023-04-08T12:34:05,19,7,0,26
2023-04-08T12:43:31,19,7,0,26
2023-04-08T12:52:58,19,7,0,26
2023-04-08T13:02:29,19,7,0,26
2023-04-08T13:12:01,19,7,0,26
2023-04-08T13:21:33,19,7,0,26
2023-04-08T13:31:05,19,7,0,26
2023-04-08T13:40:37,19,7,0,26
2023-04-08T13:50:28,19,7,0,26
2023-04-08T14:00:01,19,7,0,26
2023-04-08T14:09:33,19,7,0,26
2023-04-08T14:19:06,19,7,0,26
2023-04-08T14:28:37,19,7,0,26
2023-04-08T14:38:06,19,7,0,26
2023-04-08T14:47:33,19,7,0,26
2023-04-08T14:56:58,19,7,0,26
2023-04-08T15:06:22,19,7,0,26
2023-04-08T15:15:46,19,7,0,26
2023-04-08T15:25:10,19,7,0,26
2023-04-08T15:34:44,19,7,0,26
2023-04-08T15:44:08,19,7,0,26
2023-04-08T15:53:32,19,7,0,26
2023-04-08T16:02:56,19,7,0,26
2023-04-08T16:12:20,19,7,0,26
2023-04-08T16:21:45,19,7,0,26
2023-04-08T16:31:10,19,7,0,26
2023-04-08T16:40:34,19,7,0,26
2023-04-08T16:49:59,19,7,0,26
2023-04-08T16:59:23,19,7,0,26
2023-04-08T17:08:48,19,7,0,26
2023-04-08T17:18:22,19,7,0,26
2023-04-08T17:27:47,19,7,0,26
2023-04-08T17:37:11,19,7,0,26
2023-04-08T17:46:36,19,7,0,26
2023-04-08T17:56:00,19,7,0,26
2023-04-08T18:05:24,19,7,0,26
2023-04-08T18:14:48,19,7,0,26
2023-04-08T18:24:12,19,7,0,26
2023-04-08T18:33:36,19,7,0,26
2023-04-08T18:43:01,19,7,0,26
2023-04-08T18:52:26,19,7,0,26
2023-04-08T19:01:50,19,7,0,26
2023-04-08T19:11:32,19,7,0,26
2023-04-08T19:20:57,19,7,0,26
2023-04-08T19:30:21,19,7,0,26
2023-04-08T19:39:46,19,7,0,26
2023-04-08T19:49:10,19,7,0,26
2023-04-08T19:58:34,19,7,0,26
2023-04-08T20:07:58,19,7,0,26
2023-04-08T20:17:23,19,7,0,26
2023-04-08T20:26:48,19,7,0,26
2023-04-08T20:36:12,19,7,0,26
2023-04-08T20:45:36,19,7,0,26
2023-04-08T20:55:02,19,7,0,26
2023-04-08T21:04:35,19,7,0,26
2023-04-08T21:14:00,19,7,0,26
2023-04-08T21:23:24,19,7,0,26
2023-04-08T21:32:48,19,7,0,26
2023-04-08T21:42:12,19,7,0,26
2023-04-08T21:51:37,19,7,0,26
2023-04-08T22:01:02,19,7,0,26
2023-04-08T22:10:26,19,7,0,26
2023-04-08T22:19:50,19,7,0,26
2023-04-08T22:29:15,19,7,0,26
2023-04-08T22:38:59,19,7,0,26
2023-04-08T22:48:23,19,7,0,26
2023-04-08T22:57:48,19,7,0,26
2023-04-08T23:07:17,19,7,0,26
2023-04-08T23:16:42,19,7,0,26
2023-04-08T23:26:07,19,7,0,26
2023-04-08T23:35:31,19,7,0,26
2023-04-08T23:44:55,19,7,0,26
2023-04-08T23:54:20,19,7,0,26
2023-04-09T00:03:46,19,7,0,26
2023-04-09T00:13:26,19,7,0,26
2023-04-09T00:22:52,19,7,0,26
2023-04-09T00:32:28,19,7,0,26
2023-04-09T00:41:56,19,7,0,26
2023-04-09T00:51:23,19,7,0,26
2023-04-09T01:00:50,19,7,0,26
2023-04-09T01:10:16,19,7,0,26
2023-04-09T01:19:41,19,7,0,26
2023-04-09T01:29:07,19,7,0,26
2023-04-09T01:38:34,19,7,0,26
2023-04-09T01:48:02,19,7,0,26
2023-04-09T01:57:29,19,7,0,26
2023-04-09T02:06:57,19,7,0,26
2023-04-09T02:16:26,19,7,0,26
2023-04-09T02:25:55,19,7,0,26
2023-04-09T02:35:21,19,7,0,26
2023-04-09T02:44:47,19,7,0,26
2023-04-09T02:54:13,19,7,0,26
2023-04-09T03:03:39,19,7,0,26
2023-04-09T03:13:06,19,7,0,26
2023-04-09T03:22:33,19,7,0,26
2023-04-09T03:32:00,19,7,0,26
2023-04-09T03:41:28,19,7,0,26
2023-04-09T03:50:55,19,7,0,26
2023-04-09T04:00:39,19,7,0,26
2023-04-09T04:10:10,19,7,0,26
2023-04-09T04:24:42,19,7,0,26
2023-04-09T04:34:35,19,7,0,26
2023-04-09T04:44:03,19,7,0,26
2023-04-09T04:53:31,19,7,0,26
2023-04-09T05:02:57,19,7,0,26
2023-04-09T05:12:25,19,7,0,26
2023-04-09T05:22:50,19,7,0,26
2023-04-09T05:33:00,19,7,0,26
2023-04-09T05:42:30,19,7,0,26
2023-04-09T05:51:58,19,7,0,26
2023-04-09T06:01:26,19,7,0,26
2023-04-09T06:10:53,19,7,0,26
2023-04-09T06:20:20,19,7,0,26
2023-04-09T06:29:47,19,7,0,26
2023-04-09T06:39:13,19,7,0,26
2023-04-09T06:48:41,19,7,0,26
2023-04-09T06:58:05,19,7,0,26
2023-04-09T07:07:30,19,7,0,26
2023-04-09T07:16:55,19,7,0,26
2023-04-09T07:26:20,19,7,0,26
2023-04-09T07:35:46,19,7,0,26
2023-04-09T07:45:11,19,7,0,26
2023-04-09T07:54:37,19,7,0,26
2023-04-09T08:04:04,19,7,0,26
2023-04-09T08:13:29,19,7,0,26
2023-04-09T08:22:53,19,7,0,26
2023-04-09T08:32:20,19,7,0,26
2023-04-09T08:41:45,19,7,0,26
2023-04-09T08:51:10,19,7,0,26
2023-04-09T09:00:34,19,7,0,26
2023-04-09T09:09:59,19,7,0,26
2023-04-09T09:19:33,19,7,0,26
2023-04-09T09:28:57,19,7,0,26
2023-04-09T09:38:22,19,7,0,26
2023-04-09T09:47:47,19,7,0,26
2023-04-09T09:57:11,19,7,0,26
2023-04-09T10:06:36,19,7,0,26
2023-04-09T10:16:01,19,7,0,26
2023-04-09T10:25:26,19,7,0,26
2023-04-09T10:34:50,19,7,0,26
2023-04-09T10:44:15,19,7,0,26
2023-04-09T10:53:41,20,6,0,26
2023-04-09T11:03:08,20,6,0,26
2023-04-09T11:12:34,20,6,0,26
2023-04-09T11:22:00,20,6,0,26
2023-04-09T11:31:26,20,6,0,26
2023-04-09T11:40:51,20,6,0,26
2023-04-09T11:50:17,20,6,0,26
2023-04-09T11:59:41,20,6,0,26
2023-04-09T12:09:06,20,6,0,26
2023-04-09T12:18:41,20,6,0,26
2023-04-09T12:28:06,20,6,0,26
2023-04-09T12:37:31,20,6,0,26
2023-04-09T12:46:57,20,6,0,26
2023-04-09T12:56:22,20,6,0,26
2023-04-09T13:05:47,20,6,0,26
2023-04-09T13:15:12,20,6,0,26
2023-04-09T13:24:37,20,6,0,26
2023-04-09T13:34:01,20,6,0,26
2023-04-09T13:43:26,20,6,0,26
2023-04-09T13:52:51,20,6,0,26
2023-04-09T14:02:16,20,6,0,26
2023-04-09T14:11:41,20,6,0,26
2023-04-09T14:21:06,20,6,0,26
2023-04-09T14:30:42,20,6,0,26
2023-04-09T14:40:07,20,6,0,26
2023-04-09T14:49:31,20,6,0,26
2023-04-09T14:58:56,19,7,0,26
2023-04-09T15:08:20,19,7,0,26
2023-04-09T15:17:45,19,7,0,26
2023-04-09T15:27:10,19,7,0,26
2023-04-09T15:36:35,19,7,0,26
2023-04-09T15:46:00,19,7,0,26
2023-04-09T15:55:25,19,7,0,26
2023-04-09T16:04:50,19,7,0,26
2023-04-09T16:14:15,19,7,0,26
2023-04-09T16:23:41,19,7,0,26
2023-04-09T16:33:16,19,7,0,26
2023-04-09T16:42:41,19,7,0,26
2023-04-09T16:52:06,19,7,0,26
2023-04-09T17:01:31,19,7,0,26
2023-04-09T17:10:56,19,7,0,26
2023-04-09T17:20:21,19,7,0,26
2023-04-09T17:29:46,19,7,0,26
2023-04-09T17:39:10,19,7,0,26
2023-04-09T17:48:35,19,7,0,26
2023-04-09T17:58:00,19,7,0,26
2023-04-09T18:07:26,19,7,0,26
2023-04-09T18:16:51,19,7,0,26
2023-04-09T18:26:17,19,7,0,26
2023-04-09T18:35:51,19,7,0,26
2023-04-09T18:45:16,19,7,0,26
2023-04-09T18:54:41,19,7,0,26
2023-04-09T19:04:08,19,7,0,26
2023-04-09T19:13:33,19,7,0,26
2023-04-09T19:22:58,19,7,0,26
2023-04-09T19:32:23,19,7,0,26
2023-04-09T19:41:48,19,7,0,26
2023-04-09T19:51:13,19,7,0,26
2023-04-09T20:00:38,19,7,0,26
2023-04-09T20:10:03,19,7,0,26
2023-04-09T20:19:27,19,7,0,26
2023-04-09T20:29:04,19,7,0,26
2023-04-09T20:38:29,19,7,0,26
2023-04-09T20:47:54,19,7,0,26
2023-04-09T20:57:19,19,7,0,26
2023-04-09T21:06:44,19,7,0,26
2023-04-09T21:16:10,19,7,0,26
2023-04-09T21:25:35,19,7,0,26
2023-04-09T21:35:01,19,7,0,26
2023-04-09T21:44:28,19,7,0,26
2023-04-09T21:53:54,19,7,0,26
2023-04-09T22:03:19,19,7,0,26
2023-04-09T22:12:44,19,7,0,26
2023-04-09T22:22:20,19,7,0,26
2023-04-09T22:31:45,19,7,0,26
2023-04-09T22:41:10,19,7,0,26
2023-04-09T22:50:35,19,7,0,26
2023-04-09T23:00:00,19,7,0,26
2023-04-09T23:09:28,19,7,0,26
2023-04-09T23:18:54,19,7,0,26
2023-04-09T23:28:20,19,7,0,26
2023-04-09T23:37:46,19,7,0,26
2023-04-09T23:47:11,18,8,0,26
2023-04-09T23:56:47,18,8,0,26
2023-04-10T00:06:31,18,8,0,26
2023-04-10T00:16:02,18,8,0,26
2023-04-10T00:25:27,18,8,0,26
2023-04-10T00:34:53,18,8,0,26
2023-04-10T00:44:23,18,8,0,26
2023-04-10T00:53:51,18,8,0,26
2023-04-10T01:03:25,18,8,0,26
2023-04-10T01:12:52,18,8,0,26
2023-04-10T01:22:18,18,8,0,26
2023-04-10T01:31:43,18,8,0,26
2023-04-10T01:41:08,18,8,0,26
2023-04-10T01:50:33,18,8,0,26
2023-04-10T02:00:24,18,8,0,26
2023-04-10T02:09:54,18,8,0,26
2023-04-10T02:19:22,18,8,0,26
2023-04-10T02:28:50,18,8,0,26
2023-04-10T02:38:30,18,8,0,26
2023-04-10T02:48:00,18,8,0,26
2023-04-10T02:57:28,18,8,0,26
2023-04-10T03:06:56,18,8,0,26
2023-04-10T03:16:25,18,8,0,26
2023-04-10T03:26:05,18,8,0,26
2023-04-10T03:35:32,18,8,0,26
2023-04-10T03:44:59,18,8,0,26
2023-04-10T03:54:27,18,8,0,26
2023-04-10T04:03:54,18,8,0,26
2023-04-10T04:17:49,18,8,0,26
2023-04-10T04:27:19,18,8,0,26
2023-04-10T04:36:47,18,8,0,26
2023-04-10T04:46:14,18,8,0,26
2023-04-10T04:57:23,18,8,0,26
2023-04-10T05:06:51,18,8,0,26
2023-04-10T05:16:19,18,8,0,26
2023-04-10T05:25:47,18,8,0,26
2023-04-10T05:35:14,18,8,0,26
2023-04-10T05:44:44,18,8,0,26
2023-04-10T05:54:11,18,8,0,26
2023-04-10T06:03:38,18,8,0,26
2023-04-10T06:13:05,18,8,0,26
2023-04-10T06:22:33,18,8,0,26
2023-04-10T06:32:02,18,8,0,26
2023-04-10T06:41:31,18,8,0,26
2023-04-10T06:50:59,18,8,0,26
2023-04-10T07:00:25,18,8,0,26
2023-04-10T07:09:54,18,8,0,26
2023-04-10T07:19:21,18,8,0,26
2023-04-10T07:28:47,18,8,0,26
2023-04-10T07:38:13,18,8,0,26
2023-04-10T07:47:39,18,8,0,26
2023-04-10T07:57:04,18,8,0,26
2023-04-10T08:06:30,18,8,0,26
2023-04-10T08:15:55,18,8,0,26
2023-04-10T08:25:30,18,8,0,26
2023-04-10T08:34:56,18,8,0,26
2023-04-10T08:44:22,18,8,0,26
2023-04-10T08:53:48,18,8,0,26
2023-04-10T09:03:15,18,8,0,26
2023-04-10T09:12:42,18,8,0,26
2023-04-10T09:22:09,18,8,0,26
2023-04-10T09:31:36,18,8,0,26
2023-04-10T09:41:02,18,8,0,26
2023-04-10T09:50:29,18,8,0,26
2023-04-10T09:59:56,18,8,0,26
2023-04-10T10:09:36,18,8,0,26
2023-04-10T10:19:04,18,8,0,26
2023-04-10T10:28:31,18,8,0,26
2023-04-10T10:37:57,18,8,0,26
2023-04-10T10:47:25,18,8,0,26
2023-04-10T10:56:53,18,8,0,26
2023-04-10T11:06:22,18,8,0,26
2023-04-10T11:16:01,18,8,0,26
2023-04-10T11:25:28,18,8,0,26
2023-04-10T11:34:55,18,8,0,26
2023-04-10T11:44:23,18,8,0,26
2023-04-10T11:53:50,18,8,0,26
2023-04-10T12:03:18,18,8,0,26
2023-04-10T12:12:55,18,8,0,26
2023-04-10T12:22:22,18,8,0,26
2023-04-10T12:31:50,18,8,0,26
2023-04-10T12:41:17,18,8,0,26
2023-04-10T12:50:43,18,8,0,26
2023-04-10T13:00:10,18,8,0,26
2023-04-10T13:09:38,18,8,0,26
2023-04-10T13:19:16,18,8,0,26
2023-04-10T13:28:44,18,8,0,26
2023-04-10T13:38:13,18,8,0,26
2023-04-10T13:47:41,18,8,0,26
2023-04-10T13:57:08,18,8,0,26
2023-04-10T14:06:36,18,8,0,26
2023-04-10T14:16:04,17,9,0,26
2023-04-10T14:25:33,17,9,0,26
2023-04-10T14:35:01,17,9,0,26
2023-04-10T14:44:41,17,9,0,26
2023-04-10T14:54:09,17,9,0,26
2023-04-10T15:03:37,17,9,0,26
2023-04-10T15:13:05,17,9,0,26
2023-04-10T15:22:32,17,9,0,26
2023-04-10T15:32:00,17,9,0,26
2023-04-10T15:41:28,17,9,0,26
2023-04-10T15:50:55,17,9,0,26
2023-04-10T16:00:33,17,9,0,26
2023-04-10T16:09:59,17,9,0,26
2023-04-10T16:19:26,17,9,0,26
2023-04-10T16:28:52,17,9,0,26
2023-04-10T16:38:18,17,9,0,26
2023-04-10T16:47:44,17,9,0,26
2023-04-10T16:57:11,17,9,0,26
2023-04-10T17:06:38,17,9,0,26
2023-04-10T17:16:16,17,9,0,26
2023-04-10T17:25:43,17,9,0,26
2023-04-10T17:35:09,17,9,0,26
2023-04-10T17:44:34,17,9,0,26
2023-04-10T17:54:00,17,9,0,26
2023-04-10T18:03:26,17,9,0,26
2023-04-10T18:12:51,17,9,0,26
2023-04-10T18:22:17,17,9,0,26
2023-04-10T18:31:42,17,9,0,26
2023-04-10T18:41:19,17,9,0,26
2023-04-10T18:50:44,17,9,0,26
2023-04-10T19:00:10,17,9,0,26
2023-04-10T19:09:36,17,9,0,26
2023-04-10T19:19:01,17,9,0,26
2023-04-10T19:28:27,17,9,0,26
2023-04-10T19:37:53,17,9,0,26
2023-04-10T19:47:19,17,9,0,26
2023-04-10T19:56:45,17,9,0,26
2023-04-10T20:06:10,17,9,0,26
2023-04-10T20:15:35,17,9,0,26
2023-04-10T20:25:11,17,9,0,26
2023-04-10T20:34:37,17,9,0,26
2023-04-10T20:44:02,17,9,0,26
2023-04-10T20:53:27,17,9,0,26
2023-04-10T21:02:52,17,9,0,26
2023-04-10T21:12:18,17,9,0,26
2023-04-10T21:21:44,17,9,0,26
2023-04-10T21:31:11,17,9,0,26
2023-04-10T21:40:37,17,9,0,26
2023-04-10T21:50:02,17,9,0,26
2023-04-10T21:59:27,17,9,0,26
2023-04-10T22:09:04,17,9,0,26
2023-04-10T22:18:29,17,9,0,26
2023-04-10T22:27:54,17,9,0,26
2023-04-10T22:37:19,17,9,0,26
2023-04-10T22:46:44,17,9,0,26
2023-04-10T22:56:09,17,9,0,26
2023-04-10T23:05:36,17,9,0,26
2023-04-10T23:15:01,17,9,0,26
2023-04-10T23:24:27,17,9,0,26
2023-04-10T23:33:53,17,9,0,26
2023-04-10T23:43:18,17,9,0,26
2023-04-10T23:52:44,17,9,0,26
2023-04-11T00:02:22,17,9,0,26
2023-04-11T00:11:51,17,9,0,26
2023-04-11T00:21:19,17,9,0,26
2023-04-11T00:30:49,17,9,0,26
2023-04-11T00:40:18,17,9,0,26
2023-04-11T00:49:46,17,9,0,26
2023-04-11T00:59:15,17,9,0,26
2023-04-11T01:08:43,17,9,0,26
2023-04-11T01:18:11,17,9,0,26
2023-04-11T01:27:38,17,9,0,26
2023-04-11T01:37:04,17,9,0,26
2023-04-11T01:46:30,17,9,0,26
2023-04-11T01:55:56,17,9,0,26
2023-04-11T02:05:22,17,9,0,26
2023-04-11T02:14:47,17,9,0,26
2023-04-11T02:24:13,17,9,0,26
2023-04-11T02:33:39,17,9,0,26
2023-04-11T02:43:04,17,9,0,26
2023-04-11T02:52:42,17,9,0,26
2023-04-11T03:02:06,17,9,0,26
2023-04-11T03:11:32,17,9,0,26
2023-04-11T03:20:59,17,9,0,26
2023-04-11T03:30:27,17,9,0,26
2023-04-11T03:39:53,17,9,0,26
2023-04-11T03:49:19,17,9,0,26
2023-04-11T03:58:46,17,9,0,26
2023-04-11T04:18:44,17,9,0,26
2023-04-11T04:28:39,17,9,0,26
2023-04-11T04:38:09,17,9,0,26
2023-04-11T04:47:38,17,9,0,26
2023-04-11T04:57:06,17,9,0,26
2023-04-11T05:06:34,17,9,0,26
2023-04-11T05:16:03,17,9,0,26
2023-04-11T05:25:31,17,9,0,26
2023-04-11T05:34:58,17,9,0,26
2023-04-11T05:44:25,17,9,0,26
2023-04-11T05:53:52,17,9,0,26
2023-04-11T06:03:20,17,9,0,26
2023-04-11T06:12:49,17,9,0,26
2023-04-11T06:22:17,17,9,0,26
2023-04-11T06:31:45,17,9,0,26
2023-04-11T06:41:11,17,9,0,26
2023-04-11T06:50:38,17,9,0,26
2023-04-11T07:00:05,17,9,0,26
2023-04-11T07:09:34,17,9,0,26
2023-04-11T07:19:02,17,9,0,26
2023-04-11T07:28:30,17,9,0,26
2023-04-11T07:37:59,17,9,0,26
2023-04-11T07:47:27,17,9,0,26
2023-04-11T07:57:03,17,9,0,26
2023-04-11T08:06:29,17,9,0,26
2023-04-11T08:15:56,17,9,0,26
2023-04-11T08:25:23,17,9,0,26
2023-04-11T08:34:51,17,9,0,26
2023-04-11T08:44:17,17,9,0,26
2023-04-11T08:53:44,17,9,0,26
2023-04-11T09:03:12,17,9,0,26
2023-04-11T09:12:39,17,9,0,26
2023-04-11T09:22:05,17,9,0,26
2023-04-11T09:31:33,17,9,0,26
2023-04-11T09:41:12,17,9,0,26
2023-04-11T09:50:41,17,9,0,26
2023-04-11T10:00:08,17,9,0,26
2023-04-11T10:09:35,17,9,0,26
2023-04-11T10:19:04,17,9,0,26
2023-04-11T10:28:32,17,9,0,26
2023-04-11T10:38:12,17,9,0,26
2023-04-11T10:47:39,17,9,0,26
2023-04-11T10:57:07,17,9,0,26
2023-04-11T11:06:36,17,9,0,26
2023-04-11T11:16:04,17,9,0,26
2023-04-11T11:25:30,17,9,0,26
2023-04-11T11:34:59,17,9,0,26
2023-04-11T11:44:37,17,9,0,26
2023-04-11T11:54:04,17,9,0,26
2023-04-11T12:03:32,17,9,0,26
2023-04-11T12:12:58,17,9,0,26
2023-04-11T12:22:25,17,9,0,26
2023-04-11T12:31:52,17,9,0,26
2023-04-11T12:41:30,17,9,0,26
2023-04-11T12:50:57,17,9,0,26
2023-04-11T13:00:24,17,9,0,26
2023-04-11T13:09:53,17,9,0,26
2023-04-11T13:19:21,17,9,0,26
2023-04-11T13:28:49,17,9,0,26
2023-04-11T13:38:29,17,9,0,26
2023-04-11T13:48:00,17,9,0,26
2023-04-11T13:57:28,17,9,0,26
2023-04-11T14:06:57,17,9,0,26
2023-04-11T14:16:25,17,9,0,26
2023-04-11T14:25:54,17,9,0,26
2023-04-11T14:35:34,17,9,0,26
2023-04-11T14:45:01,17,9,0,26
2023-04-11T14:54:30,17,9,0,26
2023-04-11T15:03:58,17,9,0,26
2023-04-11T15:13:27,17,9,0,26
2023-04-11T15:22:55,17,9,0,26
2023-04-11T15:32:23,17,9,0,26
2023-04-11T15:42:01,17,9,0,26
2023-04-11T15:51:29,17,9,0,26
2023-04-11T16:00:57,17,9,0,26
2023-04-11T16:10:24,17,9,0,26
2023-04-11T16:19:52,17,9,0,26
2023-04-11T16:29:20,17,9,0,26
2023-04-11T16:38:58,17,9,0,26
2023-04-11T16:48:25,17,9,0,26
2023-04-11T16:57:52,17,9,0,26
2023-04-11T17:07:20,17,9,0,26
2023-04-11T17:16:49,17,9,0,26
2023-04-11T17:26:17,17,9,0,26
2023-04-11T17:35:43,17,9,0,26
2023-04-11T17:45:21,17,9,0,26
2023-04-11T17:54:47,17,9,0,26
2023-04-11T18:04:14,17,9,0,26
2023-04-11T18:13:40,17,9,0,26
2023-04-11T18:23:06,17,9,0,26
2023-04-11T18:32:32,17,9,0,26
2023-04-11T18:41:58,17,9,0,26
2023-04-11T18:51:25,17,9,0,26
2023-04-11T19:00:52,17,9,0,26
2023-04-11T19:10:32,17,9,0,26
2023-04-11T19:19:58,17,9,0,26
2023-04-11T19:29:25,17,9,0,26
2023-04-11T19:38:51,17,9,0,26
2023-04-11T19:48:17,17,9,0,26
2023-04-11T19:57:42,17,9,0,26
2023-04-11T20:07:08,17,9,0,26
2023-04-11T20:16:35,17,9,0,26
2023-04-11T20:26:01,17,9,0,26
2023-04-11T20:35:28,17,9,0,26
2023-04-11T20:44:54,17,9,0,26
2023-04-11T20:54:21,17,9,0,26
2023-04-11T21:03:56,17,9,0,26
2023-04-11T21:13:22,17,9,0,26
2023-04-11T21:22:48,17,9,0,26
2023-04-11T21:32:14,17,9,0,26
2023-04-11T21:41:40,17,9,0,26
2023-04-11T21:51:06,17,9,0,26
2023-04-11T22:00:32,17,9,0,26
2023-04-11T22:09:57,17,9,0,26
2023-04-11T22:19:22,17,9,0,26
2023-04-11T22:28:48,17,9,0,26
2023-04-11T22:38:14,17,9,0,26
2023-04-11T22:47:39,17,9,0,26
2023-04-11T22:57:04,17,9,0,26
2023-04-11T23:06:31,17,9,0,26
2023-04-11T23:15:58,17,9,0,26
2023-04-11T23:25:23,17,9,0,26
2023-04-11T23:35:00,17,9,0,26
2023-04-11T23:44:25,17,9,0,26
2023-04-11T23:53:51,17,9,0,26
2023-04-12T00:03:17,17,9,0,26
2023-04-12T00:12:44,17,9,0,26
2023-04-12T00:22:14,17,9,0,26
2023-04-12T00:31:41,17,9,0,26
2023-04-12T00:41:09,17,9,0,26
2023-04-12T00:50:36,17,9,0,26
2023-04-12T01:00:04,17,9,0,26
2023-04-12T01:09:33,17,9,0,26
2023-04-12T01:19:00,17,9,0,26
2023-04-12T01:28:28,17,9,0,26
2023-04-12T01:37:55,17,9,0,26
2023-04-12T01:47:22,17,9,0,26
2023-04-12T01:56:49,17,9,0,26
2023-04-12T02:06:16,17,9,0,26
2023-04-12T02:15:42,17,9,0,26
2023-04-12T02:25:08,17,9,0,26
2023-04-12T02:34:36,17,9,0,26
2023-04-12T02:44:23,17,9,0,26
2023-04-12T02:53:51,17,9,0,26
2023-04-12T03:03:19,17,9,0,26
2023-04-12T03:12:47,17,9,0,26
2023-04-12T03:22:15,17,9,0,26
2023-04-12T03:31:44,17,9,0,26
2023-04-12T03:41:12,17,9,0,26
2023-04-12T03:50:39,17,9,0,26
2023-04-12T04:00:07,17,9,0,26
2023-04-12T04:09:34,17,9,0,26
2023-04-12T04:21:27,17,9,0,26
2023-04-12T04:30:57,17,9,0,26
2023-04-12T04:40:26,17,9,0,26
2023-04-12T04:51:11,17,9,0,26
2023-04-12T05:00:57,17,9,0,26
2023-04-12T05:10:26,17,9,0,26
2023-04-12T05:19:54,17,9,0,26
2023-04-12T05:29:23,17,9,0,26
2023-04-12T05:38:51,17,9,0,26
2023-04-12T05:48:19,17,9,0,26
2023-04-12T05:57:47,17,9,0,26
2023-04-12T06:07:13,17,9,0,26
2023-04-12T06:16:40,17,9,0,26
2023-04-12T06:26:07,17,9,0,26
2023-04-12T06:35:34,17,9,0,26
2023-04-12T06:45:02,17,9,0,26
2023-04-12T06:54:29,17,9,0,26
2023-04-12T07:03:57,17,9,0,26
2023-04-12T07:13:24,17,9,0,26
2023-04-12T07:22:51,17,9,0,26
2023-04-12T07:32:18,17,9,0,26
2023-04-12T07:41:45,17,9,0,26
2023-04-12T07:51:14,17,9,0,26
2023-04-12T08:00:39,17,9,0,26
2023-04-12T08:10:05,17,9,0,26
2023-04-12T08:19:30,17,9,0,26
2023-04-12T08:28:56,17,9,0,26
2023-04-12T08:38:22,17,9,0,26
2023-04-12T08:47:48,17,9,0,26
2023-04-12T08:57:14,17,9,0,26
2023-04-12T09:06:41,17,9,0,26
2023-04-12T09:16:07,17,9,0,26
2023-04-12T09:25:43,17,9,0,26
2023-04-12T09:35:10,17,9,0,26
2023-04-12T09:44:37,17,9,0,26
2023-04-12T09:54:03,17,9,0,26
2023-04-12T10:03:31,17,9,0,26
2023-04-12T10:12:58,17,9,0,26
2023-04-12T10:22:25,17,9,0,26
2023-04-12T10:31:52,17,9,0,26
2023-04-12T10:41:18,17,9,0,26
2023-04-12T10:50:57,17,9,0,26
2023-04-12T11:00:25,17,9,0,26
2023-04-12T11:09:54,17,9,0,26
2023-04-12T11:19:23,17,9,0,26
2023-04-12T11:28:51,17,9,0,26
2023-04-12T11:38:18,17,9,0,26
2023-04-12T11:47:45,17,9,0,26
2023-04-12T11:57:13,17,9,0,26
2023-04-12T12:06:51,17,9,0,26
2023-04-12T12:16:18,17,9,0,26
2023-04-12T12:25:45,17,9,0,26
2023-04-12T12:35:13,17,9,0,26
2023-04-12T12:44:39,17,9,0,26
2023-04-12T12:54:06,17,9,0,26
2023-04-12T13:03:34,17,9,0,26
2023-04-12T13:13:02,17,9,0,26
2023-04-12T13:22:41,17,9,0,26
2023-04-12T13:32:09,17,9,0,26
2023-04-12T13:41:37,17,9,0,26
2023-04-12T13:51:04,17,9,0,26
2023-04-12T14:00:32,17,9,0,26
2023-04-12T14:10:01,17,9,0,26
2023-04-12T14:19:39,17,9,0,26
2023-04-12T14:29:08,17,9,0,26
2023-04-12T14:38:36,17,9,0,26
2023-04-12T14:48:04,17,9,0,26
2023-04-12T14:57:31,17,9,0,26
2023-04-12T15:06:59,17,9,0,26
2023-04-12T15:16:26,17,9,0,26
2023-04-12T15:25:52,17,9,0,26
2023-04-12T15:35:32,17,9,0,26
2023-04-12T15:44:59,17,9,0,26
2023-04-12T15:54:26,17,9,0,26
2023-04-12T16:03:53,17,9,0,26
2023-04-12T16:13:20,17,9,0,26
2023-04-12T16:22:48,17,9,0,26
2023-04-12T16:32:15,17,9,0,26
2023-04-12T16:41:41,17,9,0,26
2023-04-12T16:51:06,17,9,0,26
2023-04-12T17:00:45,17,9,0,26
2023-04-12T17:10:11,17,9,0,26
2023-04-12T17:19:37,17,9,0,26
2023-04-12T17:29:03,17,9,0,26
2023-04-12T17:38:29,17,9,0,26
2023-04-12T17:47:54,17,9,0,26
2023-04-12T17:57:20,17,9,0,26
2023-04-12T18:06:50,17,9,0,26
2023-04-12T18:16:16,17,9,0,26
2023-04-12T18:25:42,17,9,0,26
2023-04-12T18:35:18,17,9,0,26
2023-04-12T18:44:44,17,9,0,26
2023-04-12T18:54:10,17,9,0,26
2023-04-12T19:03:36,17,9,0,26
2023-04-12T19:13:01,17,9,0,26
2023-04-12T19:22:27,17,9,0,26
2023-04-12T19:31:54,17,9,0,26
2023-04-12T19:41:20,17,9,0,26
2023-04-12T19:50:45,17,9,0,26
2023-04-12T20:00:10,17,9,0,26
2023-04-12T20:09:46,17,9,0,26
2023-04-12T20:19:11,17,9,0,26
2023-04-12T20:28:37,17,9,0,26
2023-04-12T20:38:03,17,9,0,26
2023-04-12T20:47:29,17,9,0,26
2023-04-12T20:56:55,17,9,0,26
2023-04-12T21:06:21,17,9,0,26
2023-04-12T21:15:47,17,9,0,26
2023-04-12T21:25:14,17,9,0,26
2023-04-12T21:34:40,17,9,0,26
2023-04-12T21:44:18,17,9,0,26
2023-04-12T21:53:43,17,9,0,26
2023-04-12T22:03:09,17,9,0,26
2023-04-12T22:12:35,17,9,0,26
2023-04-12T22:22:01,17,9,0,26
2023-04-12T22:31:26,17,9,0,26
2023-04-12T22:40:51,17,9,0,26
2023-04-12T22:50:16,17,9,0,26
2023-04-12T22:59:41,17,9,0,26
2023-04-12T23:09:08,17,9,0,26
2023-04-12T23:18:34,17,9,0,26
2023-04-12T23:28:10,17,9,0,26
2023-04-12T23:37:35,17,9,0,26
2023-04-12T23:47:01,17,9,0,26
2023-04-12T23:56:27,17,9,0,26
2023-04-13T00:05:58,17,9,0,26
2023-04-13T00:15:41,17,9,0,26
2023-04-13T00:25:09,17,9,0,26
2023-04-13T00:34:37,17,9,0,26
2023-04-13T00:44:06,17,9,0,26
2023-04-13T00:53:34,17,9,0,26
2023-04-13T01:03:03,17,9,0,26
2023-04-13T01:12:30,17,9,0,26
2023-04-13T01:22:08,17,9,0,26
2023-04-13T01:31:34,17,9,0,26
2023-04-13T01:41:01,17,9,0,26
2023-04-13T01:50:27,17,9,0,26
2023-04-13T01:59:53,17,9,0,26
2023-04-13T02:09:20,17,9,0,26
2023-04-13T02:18:46,17,9,0,26
2023-04-13T02:28:11,17,9,0,26
2023-04-13T02:37:36,17,9,0,26
2023-04-13T02:47:00,17,9,0,26
2023-04-13T02:56:25,17,9,0,26
2023-04-13T03:05:50,17,9,0,26
2023-04-13T03:15:18,17,9,0,26
2023-04-13T03:24:49,17,9,0,26
2023-04-13T03:34:26,17,9,0,26
2023-04-13T03:43:55,17,9,0,26
2023-04-13T03:53:23,17,9,0,26
2023-04-13T04:02:50,17,9,0,26
2023-04-13T04:14:32,17,9,0,26
2023-04-13T04:31:11,17,9,0,26
2023-04-13T04:41:03,17,9,0,26
2023-04-13T04:50:32,17,9,0,26
2023-04-13T05:00:01,17,9,0,26
2023-04-13T05:09:29,17,9,0,26
2023-04-13T05:18:58,17,9,0,26
2023-04-13T05:28:26,17,9,0,26
2023-04-13T05:37:55,17,9,0,26
2023-04-13T05:47:23,17,9,0,26
2023-04-13T05:56:52,17,9,0,26
2023-04-13T06:06:20,17,9,0,26
2023-04-13T06:15:47,17,9,0,26
2023-04-13T06:25:16,17,9,0,26
2023-04-13T06:34:43,17,9,0,26
2023-04-13T06:44:10,17,9,0,26
2023-04-13T06:53:36,17,9,0,26
2023-04-13T07:03:03,17,9,0,26
2023-04-13T07:12:31,17,9,0,26
2023-04-13T07:21:57,17,9,0,26
2023-04-13T07:31:24,17,9,0,26
2023-04-13T07:40:51,17,9,0,26
2023-04-13T07:50:18,17,9,0,26
2023-04-13T07:59:45,17,9,0,26
2023-04-13T08:09:12,17,9,0,26
2023-04-13T08:18:38,17,9,0,26
2023-04-13T08:28:06,17,9,0,26
2023-04-13T08:37:32,17,9,0,26
2023-04-13T08:47:10,17,9,0,26
2023-04-13T08:56:36,17,9,0,26
2023-04-13T09:06:03,17,9,0,26
2023-04-13T09:15:30,17,9,0,26
2023-04-13T09:24:57,17,9,0,26
2023-04-13T09:34:24,17,9,0,26
2023-04-13T09:43:52,17,9,0,26
2023-04-13T09:53:19,17,9,0,26
2023-04-13T10:02:47,17,9,0,26
2023-04-13T10:12:15,17,9,0,26
2023-04-13T10:21:45,17,9,0,26
2023-04-13T10:31:36,17,9,0,26
2023-04-13T10:41:06,17,9,0,26
2023-04-13T10:50:36,17,9,0,26
2023-04-13T11:00:14,17,9,0,26
2023-04-13T11:09:46,17,9,0,26
2023-04-13T11:19:17,17,9,0,26
2023-04-13T11:28:47,17,9,0,26
2023-04-13T11:38:17,17,9,0,26
2023-04-13T11:47:46,17,9,0,26
2023-04-13T11:57:16,17,9,0,26
2023-04-13T12:06:57,17,9,0,26
2023-04-13T12:16:26,17,9,0,26
2023-04-13T12:25:54,17,9,0,26
2023-04-13T12:35:24,17,9,0,26
2023-04-13T12:44:54,17,9,0,26
2023-04-13T12:54:23,17,9,0,26
2023-04-13T13:03:52,17,9,0,26
2023-04-13T13:13:24,17,9,0,26
2023-04-13T13:22:53,17,9,0,26
2023-04-13T13:32:34,17,9,0,26
2023-04-13T13:42:03,17,9,0,26
2023-04-13T13:51:32,17,9,0,26
2023-04-13T14:01:03,17,9,0,26
2023-04-13T14:10:33,17,9,0,26
2023-04-13T14:20:02,17,9,0,26
2023-04-13T14:29:32,17,9,0,26
2023-04-13T14:39:01,17,9,0,26
2023-04-13T14:48:30,17,9,0,26
2023-04-13T14:57:59,17,9,0,26
2023-04-13T15:07:28,17,9,0,26
2023-04-13T15:17:11,17,9,0,26
2023-04-13T15:26:40,17,9,0,26
2023-04-13T15:36:09,17,9,0,26
2023-04-13T15:45:37,17,9,0,26
2023-04-13T15:55:05,17,9,0,26
2023-04-13T16:04:34,17,9,0,26
2023-04-13T16:14:02,17,9,0,26
2023-04-13T16:23:30,17,9,0,26
2023-04-13T16:33:19,17,9,0,26
2023-04-13T16:42:46,17,9,0,26
2023-04-13T16:52:13,17,9,0,26
2023-04-13T17:01:40,17,9,0,26
2023-04-13T17:11:08,17,9,0,26
2023-04-13T17:20:36,17,9,0,26
2023-04-13T17:30:13,17,9,0,26
2023-04-13T17:39:41,17,9,0,26
2023-04-13T17:49:07,17,9,0,26
2023-04-13T17:58:34,17,9,0,26
2023-04-13T18:08:01,17,9,0,26
2023-04-13T18:17:27,17,9,0,26
2023-04-13T18:27:12,17,9,0,26
2023-04-13T18:36:38,17,9,0,26
2023-04-13T18:46:04,17,9,0,26
2023-04-13T18:55:30,17,9,0,26
2023-04-13T19:04:56,17,9,0,26
2023-04-14T11:34:51,17,9,0,26
2023-04-14T11:44:18,17,9,0,26
2023-04-14T11:53:45,17,9,0,26
2023-04-14T12:03:12,17,9,0,26
2023-04-14T12:12:39,17,9,0,26
2023-04-14T12:22:11,17,9,0,26
2023-04-14T12:31:37,17,9,0,26
2023-04-14T12:41:04,17,9,0,26
2023-04-14T12:50:41,17,9,0,26
2023-04-14T13:00:08,17,9,0,26
2023-04-14T13:09:35,17,9,0,26
2023-04-14T13:19:01,17,9,0,26
2023-04-14T13:28:29,17,9,0,26
2023-04-14T13:37:57,17,9,0,26
2023-04-14T13:47:25,17,9,0,26
2023-04-14T13:57:02,17,9,0,26
2023-04-14T14:06:29,17,9,0,26
2023-04-14T14:15:57,17,9,0,26
2023-04-14T14:25:23,17,9,0,26
2023-04-14T14:34:51,17,9,0,26
2023-04-14T14:44:17,17,9,0,26
2023-04-14T14:53:44,17,9,0,26
2023-04-14T15:03:11,17,9,0,26
2023-04-14T15:12:39,17,9,0,26
2023-04-14T15:22:17,17,9,0,26
2023-04-14T15:31:45,17,9,0,26
2023-04-14T15:41:12,17,9,0,26
2023-04-14T15:50:38,17,9,0,26
2023-04-14T16:00:05,17,9,0,26
2023-04-14T16:09:31,17,9,0,26
2023-04-14T16:18:58,17,9,0,26
2023-04-14T16:28:24,17,9,0,26
2023-04-14T16:38:01,17,9,0,26
2023-04-14T16:47:27,17,9,0,26
2023-04-14T16:56:53,17,9,0,26
2023-04-14T17:06:20,17,9,0,26
2023-04-14T17:15:47,17,9,0,26
2023-04-14T17:25:12,17,9,0,26
2023-04-14T17:34:38,17,9,0,26
2023-04-14T17:44:04,17,9,0,26
2023-04-14T17:53:29,17,9,0,26
2023-04-14T18:02:55,17,9,0,26
2023-04-14T18:12:20,17,9,0,26
2023-04-14T18:21:45,17,9,0,26
2023-04-14T18:31:21,17,9,0,26
2023-04-14T18:40:46,17,9,0,26
2023-04-14T18:50:12,17,9,0,26
2023-04-14T18:59:38,17,9,0,26
2023-04-14T19:09:03,17,9,0,26
2023-04-14T19:18:28,17,9,0,26
2023-04-14T19:27:52,17,9,0,26
2023-04-14T19:37:18,17,9,0,26
2023-04-14T19:46:44,17,9,0,26
2023-04-14T19:56:09,17,9,0,26
2023-04-14T20:05:34,17,9,0,26
2023-04-14T20:14:59,17,9,0,26
2023-04-14T20:24:24,17,9,0,26
2023-04-14T20:33:49,17,9,0,26
2023-04-14T20:43:15,17,9,0,26
2023-04-14T20:52:51,17,9,0,26
2023-04-14T21:02:16,17,9,0,26
2023-04-14T21:11:41,17,9,0,26
2023-04-14T21:21:07,17,9,0,26
2023-04-14T21:30:31,17,9,0,26
2023-04-14T21:39:57,17,9,0,26
2023-04-14T21:49:22,17,9,0,26
2023-04-14T21:58:47,17,9,0,26
2023-04-14T22:08:13,17,9,0,26
2023-04-14T22:17:38,17,9,0,26
2023-04-14T22:27:04,17,9,0,26
2023-04-14T22:36:29,17,9,0,26
2023-04-14T22:45:54,17,9,0,26
2023-04-14T22:55:22,17,9,0,26
2023-04-14T23:04:48,17,9,0,26
2023-04-14T23:14:24,17,9,0,26
2023-04-14T23:23:51,17,9,0,26
2023-04-14T23:33:18,17,9,0,26
2023-04-14T23:42:43,17,9,0,26
2023-04-14T23:52:09,17,9,0,26
2023-04-15T00:01:41,17,9,0,26
2023-04-15T00:11:10,17,9,0,26
2023-04-15T00:20:47,17,9,0,26
2023-04-15T00:30:14,17,9,0,26
2023-04-15T00:39:44,17,9,0,26
2023-04-15T00:49:13,17,9,0,26
2023-04-15T00:58:42,17,9,0,26
2023-04-15T01:08:11,17,9,0,26
2023-04-15T01:17:40,17,9,0,26
2023-04-15T01:27:08,17,9,0,26
2023-04-15T01:36:36,17,9,0,26
2023-04-15T01:46:05,17,9,0,26
2023-04-15T01:55:31,17,9,0,26
2023-04-15T02:04:58,17,9,0,26
2023-04-15T02:14:26,17,9,0,26
2023-04-15T02:23:53,17,9,0,26
2023-04-15T02:33:19,17,9,0,26
2023-04-15T02:42:45,17,9,0,26
2023-04-15T02:52:09,17,9,0,26
2023-04-15T03:01:34,17,9,0,26
2023-04-15T03:11:00,17,9,0,26
2023-04-15T03:20:28,17,9,0,26
2023-04-15T03:29:56,17,9,0,26
2023-04-15T03:39:34,17,9,0,26
2023-04-15T03:49:01,17,9,0,26
2023-04-15T03:58:28,17,9,0,26
2023-04-15T04:07:57,17,9,0,26
2023-04-15T04:31:51,17,9,0,26
2023-04-15T04:41:25,17,9,0,26
2023-04-15T04:51:12,17,9,0,26
2023-04-15T05:00:41,17,9,0,26
2023-04-15T05:10:11,17,9,0,26
2023-04-15T05:19:41,17,9,0,26
2023-04-15T05:29:10,17,9,0,26
2023-04-15T05:38:39,17,9,0,26
2023-04-15T05:48:07,17,9,0,26
2023-04-15T05:57:34,17,9,0,26
2023-04-15T06:07:02,17,9,0,26
2023-04-15T06:16:28,17,9,0,26
2023-04-15T06:25:55,17,9,0,26
2023-04-15T06:35:23,17,9,0,26
2023-04-15T06:44:51,17,9,0,26
2023-04-15T06:54:18,17,9,0,26
2023-04-15T07:03:45,17,9,0,26
2023-04-15T07:13:14,17,9,0,26
2023-04-15T07:22:42,17,9,0,26
2023-04-15T07:32:19,17,9,0,26
2023-04-15T07:41:46,17,9,0,26
2023-04-15T07:51:13,17,9,0,26
2023-04-15T08:00:39,17,9,0,26
2023-04-15T08:10:06,17,9,0,26
2023-04-15T08:19:35,17,9,0,26
2023-04-15T08:29:04,17,9,0,26
2023-04-15T08:38:34,17,9,0,26
2023-04-15T08:48:07,17,9,0,26
2023-04-15T08:57:42,17,9,0,26
2023-04-15T09:07:29,17,9,0,26
2023-04-15T09:17:04,17,9,0,26
2023-04-15T09:26:39,17,9,0,26
2023-04-15T09:36:14,17,9,0,26
2023-04-15T09:45:48,17,9,0,26
2023-04-15T09:55:23,17,9,0,26
2023-04-15T10:04:58,17,9,0,26
2023-04-15T10:14:32,17,9,0,26
2023-04-15T10:24:02,17,9,0,26
2023-04-15T10:33:31,17,9,0,26
2023-04-15T10:42:58,17,9,0,26
2023-04-15T10:52:23,17,9,0,26
2023-04-15T11:01:50,17,9,0,26
2023-04-15T11:11:18,17,9,0,26
2023-04-15T11:20:44,17,9,0,26
2023-04-15T11:30:09,17,9,0,26
2023-04-15T11:39:34,17,9,0,26
2023-04-15T11:48:58,17,9,0,26
2023-04-15T11:58:23,17,9,0,26
2023-04-15T12:07:59,17,9,0,26
2023-04-15T12:17:24,17,9,0,26
2023-04-15T12:26:50,17,9,0,26
2023-04-15T12:36:15,17,9,0,26
2023-04-15T12:45:39,17,9,0,26
2023-04-15T12:55:04,17,9,0,26
2023-04-15T13:04:28,17,9,0,26
2023-04-15T13:13:53,17,9,0,26
2023-04-15T13:23:18,17,9,0,26
2023-04-15T13:32:42,17,9,0,26
2023-04-15T13:42:07,17,9,0,26
2023-04-15T13:51:32,17,9,0,26
2023-04-15T14:00:57,17,9,0,26
2023-04-15T14:10:22,17,9,0,26
2023-04-15T14:19:46,17,9,0,26
2023-04-15T14:29:10,17,9,0,26
2023-04-15T14:38:46,17,9,0,26
2023-04-15T14:48:10,17,9,0,26
2023-04-15T14:57:35,17,9,0,26
2023-04-15T15:07:00,17,9,0,26
2023-04-15T15:16:25,17,9,0,26
2023-04-15T15:25:49,17,9,0,26
2023-04-15T15:35:14,17,9,0,26
2023-04-15T15:44:38,17,9,0,26
2023-04-15T15:54:03,17,9,0,26
2023-04-15T16:03:28,17,9,0,26
2023-04-15T16:12:52,17,9,0,26
2023-04-15T16:22:17,17,9,0,26
2023-04-15T16:31:42,17,9,0,26
2023-04-15T16:41:07,17,9,0,26
2023-04-15T16:50:31,17,9,0,26
2023-04-15T16:59:56,17,9,0,26
2023-04-15T17:09:31,17,9,0,26
2023-04-15T17:18:57,17,9,0,26
2023-04-15T17:28:21,17,9,0,26
2023-04-15T17:37:45,17,9,0,26
2023-04-15T17:47:10,17,9,0,26
2023-04-15T17:56:35,17,9,0,26
2023-04-15T18:05:59,17,9,0,26
2023-04-15T18:15:24,17,9,0,26
2023-04-15T18:24:48,17,9,0,26
2023-04-15T18:34:12,17,9,0,26
2023-04-15T18:43:37,17,9,0,26
2023-04-15T18:53:01,17,9,0,26
2023-04-15T19:02:26,17,9,0,26
2023-04-15T19:11:51,17,9,0,26
2023-04-15T19:21:16,17,9,0,26
2023-04-15T19:30:40,17,9,0,26
2023-04-15T19:40:05,17,9,0,26
2023-04-15T19:49:29,17,9,0,26
2023-04-15T19:58:54,17,9,0,26
2023-04-15T20:08:18,17,9,0,26
2023-04-15T20:17:53,17,9,0,26
2023-04-15T20:27:18,17,9,0,26
2023-04-15T20:36:43,17,9,0,26
2023-04-15T20:46:08,17,9,0,26
2023-04-15T20:55:32,17,9,0,26
2023-04-15T21:04:57,17,9,0,26
2023-04-15T21:14:22,17,9,0,26
2023-04-15T21:23:47,17,9,0,26
2023-04-15T21:33:12,17,9,0,26
2023-04-15T21:42:36,17,9,0,26
2023-04-15T21:52:01,17,9,0,26
2023-04-15T22:01:25,17,9,0,26
2023-04-15T22:10:50,17,9,0,26
2023-04-15T22:20:14,17,9,0,26
2023-04-15T22:29:39,17,9,0,26
2023-04-15T22:39:04,17,9,0,26
2023-04-15T22:49:12,17,9,0,26
2023-04-15T22:58:46,17,9,0,26
2023-04-15T23:08:12,17,9,0,26
2023-04-15T23:17:37,17,9,0,26
2023-04-15T23:27:01,17,9,0,26
2023-04-15T23:36:32,17,9,0,26
2023-04-15T23:45:56,17,9,0,26
2023-04-15T23:55:21,17,9,0,26
2023-04-16T00:04:46,17,9,0,26
2023-04-16T00:14:11,17,9,0,26
2023-04-16T00:23:36,17,9,0,26
2023-04-16T00:33:01,17,9,0,26
2023-04-16T00:57:17,17,9,0,26
2023-04-16T01:06:43,17,9,0,26
2023-04-16T01:16:19,17,9,0,26
2023-04-16T01:25:45,17,9,0,26
2023-04-16T01:49:58,17,9,0,26
2023-04-16T01:59:26,17,9,0,26
2023-04-16T02:08:51,17,9,0,26
2023-04-16T02:18:16,17,9,0,26
2023-04-16T02:27:40,17,9,0,26
2023-04-16T02:37:06,17,9,0,26
2023-04-16T02:46:32,17,9,0,26
2023-04-16T02:55:56,17,9,0,26
2023-04-16T03:05:20,17,9,0,26
2023-04-16T03:14:44,17,9,0,26
2023-04-16T03:24:09,17,9,0,26
2023-04-16T03:33:35,17,9,0,26
2023-04-16T03:42:58,17,9,0,26
2023-04-16T03:52:23,17,9,0,26
2023-04-16T04:01:53,17,9,0,26
2023-04-16T04:14:04,17,9,0,26
2023-04-16T04:28:27,17,9,0,26
2023-04-16T04:38:20,17,9,0,26
2023-04-16T04:47:50,17,9,0,26
2023-04-16T04:57:19,17,9,0,26
2023-04-16T05:06:48,17,9,0,26
2023-04-16T05:16:17,17,9,0,26
2023-04-16T05:25:46,17,9,0,26
2023-04-16T05:35:16,17,9,0,26
2023-04-16T05:44:49,17,9,0,26
2023-04-16T05:54:21,17,9,0,26
2023-04-16T06:03:48,17,9,0,26
2023-04-16T06:13:16,17,9,0,26
2023-04-16T06:22:44,17,9,0,26
2023-04-16T06:32:11,17,9,0,26
2023-04-16T06:41:39,17,9,0,26
2023-04-16T06:51:06,17,9,0,26
2023-04-16T07:00:32,17,9,0,26
2023-04-16T07:10:01,17,9,0,26
2023-04-16T07:19:30,17,9,0,26
2023-04-16T07:29:01,17,9,0,26
2023-04-16T07:38:32,17,9,0,26
2023-04-16T07:47:59,17,9,0,26
2023-04-16T07:57:26,17,9,0,26
2023-04-16T08:06:55,17,9,0,26
2023-04-16T08:16:22,17,9,0,26
2023-04-16T08:25:47,17,9,0,26
2023-04-16T08:35:13,17,9,0,26
2023-04-16T08:44:39,17,9,0,26
2023-04-16T08:54:05,17,9,0,26
2023-04-16T09:03:30,17,9,0,26
2023-04-16T09:12:55,17,9,0,26
2023-04-16T09:22:30,17,9,0,26
2023-04-16T09:31:56,17,9,0,26
2023-04-16T09:41:25,17,9,0,26
2023-04-16T09:50:52,17,9,0,26
2023-04-16T10:00:18,17,9,0,26
2023-04-16T10:09:44,17,9,0,26
2023-04-16T10:19:16,17,9,0,26
2023-04-16T10:28:44,17,9,0,26
2023-04-16T10:38:15,17,9,0,26
2023-04-16T10:47:42,17,9,0,26
2023-04-16T10:57:10,17,9,0,26
2023-04-16T11:06:39,17,9,0,26
2023-04-16T11:16:08,17,9,0,26
2023-04-16T11:25:38,17,9,0,26
2023-04-16T11:35:09,17,9,0,26
2023-04-16T11:44:37,17,9,0,26
2023-04-16T11:54:07,17,9,0,26
2023-04-16T12:03:33,17,9,0,26
2023-04-16T12:12:58,17,9,0,26
2023-04-16T12:22:23,17,9,0,26
2023-04-16T12:31:47,17,9,0,26
2023-04-16T12:41:12,17,9,0,26
2023-04-16T12:50:48,17,9,0,26
2023-04-16T13:00:12,17,9,0,26
2023-04-16T13:09:37,17,9,0,26
2023-04-16T13:19:01,17,9,0,26
2023-04-16T13:28:26,17,9,0,26
2023-04-16T13:37:51,17,9,0,26
2023-04-16T13:47:15,17,9,0,26
2023-04-16T13:56:39,17,9,0,26
2023-04-16T14:06:04,17,9,0,26
2023-04-16T14:15:28,17,9,0,26
2023-04-16T14:24:53,17,9,0,26
2023-04-16T14:34:17,17,9,0,26
2023-04-16T14:43:42,17,9,0,26
2023-04-16T14:53:07,17,9,0,26
2023-04-16T15:02:31,17,9,0,26
2023-04-16T15:12:08,17,9,0,26
2023-04-16T15:21:32,17,9,0,26
2023-04-16T15:30:57,17,9,0,26
2023-04-16T15:40:22,17,9,0,26
2023-04-16T15:49:47,17,9,0,26
2023-04-16T15:59:11,17,9,0,26
2023-04-16T16:08:36,17,9,0,26
2023-04-16T16:18:02,17,9,0,26
2023-04-16T16:27:26,17,9,0,26
2023-04-16T16:36:51,17,9,0,26
2023-04-16T16:46:16,17,9,0,26
2023-04-16T16:55:41,17,9,0,26
2023-04-16T17:05:06,17,9,0,26
2023-04-16T17:14:30,17,9,0,26
2023-04-16T17:23:55,17,9,0,26
2023-04-16T17:33:19,17,9,0,26
2023-04-16T17:42:43,17,9,0,26
2023-04-16T17:52:08,17,9,0,26
2023-04-16T18:01:42,17,9,0,26
2023-04-16T18:11:06,17,9,0,26
2023-04-16T18:20:31,17,9,0,26
2023-04-16T18:29:55,17,9,0,26
2023-04-16T18:39:19,17,9,0,26
2023-04-16T18:48:44,17,9,0,26
2023-04-16T18:58:08,17,9,0,26
2023-04-16T19:07:34,17,9,0,26
2023-04-16T19:17:00,17,9,0,26
2023-04-16T19:26:25,17,9,0,26
2023-04-16T19:35:50,17,9,0,26
2023-04-16T19:45:14,17,9,0,26
2023-04-16T19:54:39,17,9,0,26
2023-04-16T20:04:03,17,9,0,26
2023-04-16T20:13:28,17,9,0,26
2023-04-16T20:23:05,17,9,0,26
2023-04-16T20:32:30,17,9,0,26
2023-04-16T20:41:54,17,9,0,26
2023-04-16T20:51:19,17,9,0,26
2023-04-16T21:00:43,17,9,0,26
2023-04-16T21:10:08,17,9,0,26
2023-04-16T21:19:33,17,9,0,26
2023-04-16T21:28:58,17,9,0,26
2023-04-16T21:38:23,17,9,0,26
2023-04-16T21:47:48,17,9,0,26
2023-04-16T21:57:13,17,9,0,26
2023-04-16T22:06:37,17,9,0,26
2023-04-16T22:16:02,17,9,0,26
2023-04-16T22:25:27,17,9,0,26
2023-04-16T22:34:52,17,9,0,26
2023-04-16T22:44:27,17,9,0,26
2023-04-16T22:53:52,17,9,0,26
2023-04-16T23:03:17,17,9,0,26
2023-04-16T23:12:42,17,9,0,26
2023-04-16T23:22:07,17,9,0,26
2023-04-16T23:31:33,17,9,0,26
2023-04-16T23:40:58,17,9,0,26
2023-04-16T23:50:24,17,9,0,26
2023-04-16T23:59:49,17,9,0,26
2023-04-17T00:09:17,17,9,0,26
2023-04-17T00:18:44,17,9,0,26
2023-04-17T00:28:10,17,9,0,26
2023-04-17T00:37:38,17,9,0,26
2023-04-17T00:47:08,17,9,0,26
2023-04-17T00:56:40,17,9,0,26
2023-04-17T01:06:05,17,9,0,26
2023-04-17T01:15:31,17,9,0,26
2023-04-17T01:24:57,17,9,0,26
2023-04-17T01:34:22,17,9,0,26
2023-04-17T01:43:54,17,9,0,26
2023-04-17T01:53:33,17,9,0,26
2023-04-17T02:03:02,17,9,0,26
2023-04-17T02:12:31,17,9,0,26
2023-04-17T02:22:00,17,9,0,26
2023-04-17T02:31:28,17,9,0,26
2023-04-17T02:40:57,17,9,0,26
2023-04-17T02:50:24,17,9,0,26
2023-04-17T02:59:51,17,9,0,26
2023-04-17T03:09:33,17,9,0,26
2023-04-17T03:19:01,17,9,0,26
2023-04-17T03:28:30,17,9,0,26
2023-04-17T03:37:56,17,9,0,26
2023-04-17T03:47:23,17,9,0,26
2023-04-17T03:56:50,17,9,0,26
2023-04-17T04:06:16,17,9,0,26
2023-04-17T04:15:43,17,9,0,26
2023-04-17T04:29:44,17,9,0,26
2023-04-17T04:39:30,17,9,0,26
2023-04-17T04:49:01,17,9,0,26
2023-04-17T04:58:29,17,9,0,26
2023-04-17T05:07:59,17,9,0,26
2023-04-17T05:17:28,17,9,0,26
2023-04-17T05:26:57,17,9,0,26
2023-04-17T05:36:27,17,9,0,26
2023-04-17T05:45:59,17,9,0,26
2023-04-17T05:55:27,17,9,0,26
2023-04-17T06:04:55,17,9,0,26
2023-04-17T06:14:22,17,9,0,26
2023-04-17T06:23:50,17,9,0,26
2023-04-17T06:33:17,17,9,0,26
2023-04-17T06:42:45,17,9,0,26
2023-04-17T06:52:11,17,9,0,26
2023-04-17T07:01:39,17,9,0,26
2023-04-17T07:11:07,17,9,0,26
2023-04-17T07:20:32,17,9,0,26
2023-04-17T07:29:58,17,9,0,26
2023-04-17T07:39:24,17,9,0,26
2023-04-17T07:48:49,17,9,0,26
2023-04-17T07:58:15,17,9,0,26
2023-04-17T08:07:41,17,9,0,26
2023-04-17T08:17:19,17,9,0,26
2023-04-17T08:26:46,17,9,0,26
2023-04-17T08:36:12,17,9,0,26
2023-04-17T08:45:38,17,9,0,26
2023-04-17T08:55:04,17,9,0,26
2023-04-17T09:04:30,17,9,0,26
2023-04-17T09:13:56,17,9,0,26
2023-04-17T09:23:22,17,9,0,26
2023-04-17T09:32:48,17,9,0,26
2023-04-17T09:42:15,17,9,0,26
2023-04-17T09:51:41,17,9,0,26
2023-04-17T10:01:08,17,9,0,26
2023-04-17T10:10:35,17,9,0,26
2023-04-17T10:20:12,17,9,0,26
2023-04-17T10:29:38,17,9,0,26
2023-04-17T10:39:05,17,9,0,26
2023-04-17T10:48:31,17,9,0,26
2023-04-17T10:57:58,17,9,0,26
2023-04-17T11:07:24,17,9,0,26
2023-04-17T11:16:51,17,9,0,26
2023-04-17T11:26:18,17,9,0,26
2023-04-17T11:35:45,17,9,0,26
2023-04-17T11:45:12,17,9,0,26
2023-04-17T11:54:49,17,9,0,26
2023-04-17T12:04:15,17,9,0,26
2023-04-17T12:13:42,17,9,0,26
2023-04-17T12:23:08,17,9,0,26
2023-04-17T12:32:35,17,9,0,26
2023-04-17T12:42:01,17,9,0,26
2023-04-17T12:51:27,17,9,0,26
2023-04-17T13:00:54,17,9,0,26
2023-04-17T13:10:21,17,9,0,26
2023-04-17T13:19:59,17,9,0,26
2023-04-17T13:29:25,17,9,0,26
2023-04-17T13:38:52,17,9,0,26
2023-04-17T13:48:18,17,9,0,26
2023-04-17T13:57:45,17,9,0,26
2023-04-17T14:07:12,17,9,0,26
2023-04-17T14:16:38,17,9,0,26
2023-04-17T14:26:04,17,9,0,26
2023-04-17T14:35:31,17,9,0,26
2023-04-17T14:44:57,17,9,0,26
2023-04-17T14:54:24,17,9,0,26
2023-04-17T15:03:51,17,9,0,26
2023-04-17T15:13:31,17,9,0,26
2023-04-17T15:22:57,17,9,0,26
2023-04-17T15:32:24,17,9,0,26
2023-04-17T15:41:50,17,9,0,26
2023-04-17T15:51:17,17,9,0,26
2023-04-17T16:00:43,17,9,0,26
2023-04-17T16:10:09,17,9,0,26
2023-04-17T16:19:35,17,9,0,26
2023-04-17T16:29:01,17,9,0,26
2023-04-17T16:38:39,17,9,0,26
2023-04-17T16:48:05,17,9,0,26
2023-04-17T16:57:31,17,9,0,26
2023-04-17T17:06:58,17,9,0,26
2023-04-17T17:16:25,17,9,0,26
2023-04-17T17:25:51,17,9,0,26
2023-04-17T17:35:17,17,9,0,26
2023-04-17T17:44:42,17,9,0,26
2023-04-17T17:54:07,17,9,0,26
2023-04-17T18:03:33,17,9,0,26
2023-04-17T18:09:53,17,9,0,26
2023-04-17T18:13:13,17,9,0,26
2023-04-17T18:22:39,17,9,0,26
2023-04-17T18:32:04,17,9,0,26
2023-04-17T18:41:29,17,9,0,26
2023-04-17T18:50:54,17,9,0,26
2023-04-17T19:00:19,17,9,0,26
2023-04-17T19:09:46,17,9,0,26
2023-04-17T19:19:22,17,9,0,26
2023-04-17T19:28:47,17,9,0,26
2023-04-17T19:38:12,17,9,0,26
2023-04-17T19:47:37,17,9,0,26
2023-04-17T19:57:01,17,9,0,26
2023-04-17T20:06:27,17,9,0,26
2023-04-17T20:15:52,17,9,0,26
2023-04-17T20:25:17,17,9,0,26
2023-04-17T20:34:41,17,9,0,26
2023-04-17T20:44:06,17,9,0,26
2023-04-17T20:53:31,17,9,0,26
2023-04-17T21:02:56,17,9,0,26
2023-04-17T21:12:21,17,9,0,26
2023-04-17T21:21:46,17,9,0,26
2023-04-17T21:31:10,17,9,0,26
2023-04-17T21:40:35,17,9,0,26
2023-04-17T21:50:11,17,9,0,26
2023-04-17T21:59:36,17,9,0,26
2023-04-17T22:09:03,17,9,0,26
2023-04-17T22:18:28,17,9,0,26
2023-04-17T22:27:53,17,9,0,26
2023-04-17T22:37:18,17,9,0,26
2023-04-17T22:46:44,17,9,0,26
2023-04-17T22:56:10,17,9,0,26
2023-04-17T23:05:36,17,9,0,26
2023-04-17T23:15:02,17,9,0,26
2023-04-17T23:24:28,17,9,0,26
2023-04-17T23:33:53,17,9,0,26
2023-04-17T23:43:18,17,9,0,26
2023-04-17T23:52:44,17,9,0,26
2023-04-18T00:02:10,17,9,0,26
2023-04-18T00:11:38,17,9,0,26
2023-04-18T00:21:09,17,9,0,26
2023-04-18T00:30:48,17,9,0,26
2023-04-18T00:40:17,17,9,0,26
2023-04-18T00:49:46,17,9,0,26
2023-04-18T00:59:14,17,9,0,26
2023-04-18T01:08:44,17,9,0,26
2023-04-18T01:18:11,17,9,0,26
2023-04-18T01:27:37,17,9,0,26
2023-04-18T01:37:04,17,9,0,26
2023-04-18T01:46:30,17,9,0,26
2023-04-18T01:55:57,17,9,0,26
2023-04-18T02:05:24,17,9,0,26
2023-04-18T02:14:51,17,9,0,26
2023-04-18T02:24:16,17,9,0,26
2023-04-18T02:33:42,17,9,0,26
2023-04-18T02:43:07,17,9,0,26
2023-04-18T02:52:32,17,9,0,26
2023-04-18T03:01:57,17,9,0,26
2023-04-18T03:11:24,17,9,0,26
2023-04-18T03:20:51,17,9,0,26
2023-04-18T03:30:19,17,9,0,26
2023-04-18T03:39:57,17,9,0,26
2023-04-18T03:49:25,17,9,0,26
2023-04-18T03:58:53,17,9,0,26
2023-04-18T04:08:22,17,9,0,26
2023-04-18T04:26:41,17,9,0,26
2023-04-18T04:36:10,17,9,0,26
2023-04-18T04:45:38,17,9,0,26
2023-04-18T04:56:37,17,9,0,26
2023-04-18T05:06:07,17,9,0,26
2023-04-18T05:15:37,17,9,0,26
2023-04-18T05:25:06,17,9,0,26
2023-04-18T05:50:34,17,9,0,26
2023-04-18T06:00:03,17,9,0,26
2023-04-18T06:09:37,17,9,0,26
2023-04-18T06:19:04,17,9,0,26
2023-04-18T06:28:31,17,9,0,26
2023-04-18T06:37:58,17,9,0,26
2023-04-18T06:47:25,17,9,0,26
2023-04-18T06:56:55,17,9,0,26
2023-04-18T07:06:24,17,9,0,26
2023-04-18T07:15:52,17,9,0,26
2023-04-18T07:25:20,17,9,0,26
2023-04-18T07:34:46,17,9,0,26
2023-04-18T07:44:12,17,9,0,26
2023-04-18T07:53:38,17,9,0,26
2023-04-18T08:03:04,17,9,0,26
2023-04-18T08:12:30,17,9,0,26
2023-04-18T08:21:57,17,9,0,26
2023-04-18T08:31:25,17,9,0,26
2023-04-18T08:40:52,17,9,0,26
2023-04-18T08:50:18,17,9,0,26
2023-04-18T08:59:45,17,9,0,26
2023-04-18T09:09:11,17,9,0,26
2023-04-18T09:18:38,17,9,0,26
2023-04-18T09:28:14,17,9,0,26
2023-04-18T09:37:42,17,9,0,26
2023-04-18T09:47:09,17,9,0,26
2023-04-18T09:56:36,17,9,0,26
2023-04-18T10:06:03,17,9,0,26
2023-04-18T10:15:30,17,9,0,26
2023-04-18T10:24:57,17,9,0,26
2023-04-18T10:34:25,17,9,0,26
2023-04-18T10:43:52,17,9,0,26
2023-04-18T10:53:19,17,9,0,26
2023-04-18T11:02:46,17,9,0,26
2023-04-18T11:12:23,17,9,0,26
2023-04-18T11:21:50,17,9,0,26
2023-04-18T11:31:19,17,9,0,26
2023-04-18T11:40:46,17,9,0,26
2023-04-18T11:50:12,17,9,0,26
2023-04-18T11:59:39,17,9,0,26
2023-04-18T12:09:06,17,9,0,26
2023-04-18T12:18:36,17,9,0,26
2023-04-18T12:28:02,17,9,0,26
2023-04-18T12:37:30,17,9,0,26
2023-04-18T12:46:56,17,9,0,26
2023-04-18T12:56:35,17,9,0,26
2023-04-18T13:06:04,17,9,0,26
2023-04-18T13:15:31,17,9,0,26
2023-04-18T13:24:59,17,9,0,26
2023-04-18T13:34:26,17,9,0,26
2023-04-18T13:43:54,17,9,0,26
2023-04-18T13:53:21,17,9,0,26
2023-04-18T14:02:48,17,9,0,26
2023-04-18T14:12:18,17,9,0,26
2023-04-18T14:21:45,17,9,0,26
2023-04-18T14:31:28,17,9,0,26
2023-04-18T14:40:56,17,9,0,26
2023-04-18T14:50:24,17,9,0,26
2023-04-18T14:59:51,17,9,0,26
2023-04-18T15:09:20,17,9,0,26
2023-04-18T15:18:47,17,9,0,26
2023-04-18T15:28:14,17,9,0,26
2023-04-18T15:37:41,17,9,0,26
2023-04-18T15:47:09,17,9,0,26
2023-04-18T15:56:37,17,9,0,26
2023-04-18T16:06:17,17,9,0,26
2023-04-18T16:15:45,17,9,0,26
2023-04-18T16:25:12,17,9,0,26
2023-04-18T16:34:39,17,9,0,26
2023-04-18T16:44:06,17,9,0,26
2023-04-18T16:53:33,17,9,0,26
2023-04-18T17:03:00,17,9,0,26
2023-04-18T17:12:28,17,9,0,26
2023-04-18T17:21:55,17,9,0,26
2023-04-18T17:31:22,17,9,0,26
2023-04-18T17:41:00,17,9,0,26
2023-04-18T17:50:27,17,9,0,26
2023-04-18T17:59:53,17,9,0,26
2023-04-18T18:09:20,17,9,0,26
2023-04-18T18:18:46,17,9,0,26
2023-04-18T18:28:12,17,9,0,26
2023-04-18T18:37:39,17,9,0,26
2023-04-18T18:47:05,17,9,0,26
2023-04-18T18:56:33,17,9,0,26
2023-04-18T19:06:00,17,9,0,26
2023-04-18T19:15:27,17,9,0,26
2023-04-18T19:24:53,17,9,0,26
2023-04-18T19:34:19,17,9,0,26
2023-04-18T19:43:57,17,9,0,26
2023-04-18T19:53:23,17,9,0,26
2023-04-18T20:02:50,17,9,0,26
2023-04-18T20:12:17,17,9,0,26
2023-04-18T20:21:44,17,9,0,26
2023-04-18T20:31:11,17,9,0,26
2023-04-18T20:40:37,17,9,0,26
2023-04-18T20:50:04,17,9,0,26
2023-04-18T20:59:30,17,9,0,26
2023-04-18T21:08:57,17,9,0,26
2023-04-18T21:18:23,17,9,0,26
2023-04-18T21:27:49,17,9,0,26
2023-04-18T21:37:15,17,9,0,26
2023-04-18T21:46:42,17,9,0,26
2023-04-18T21:56:07,17,9,0,26
2023-04-18T22:05:35,17,9,0,26
2023-04-18T22:15:13,17,9,0,26
2023-04-18T22:24:38,17,9,0,26
2023-04-18T22:34:04,17,9,0,26
2023-04-18T22:43:31,17,9,0,26
2023-04-18T22:52:56,17,9,0,26
2023-04-18T23:02:23,17,9,0,26
2023-04-18T23:11:49,17,9,0,26
2023-04-18T23:21:15,17,9,0,26
2023-04-18T23:30:41,17,9,0,26
2023-04-18T23:40:07,17,9,0,26
2023-04-18T23:49:32,17,9,0,26
2023-04-18T23:58:58,17,9,0,26
2023-04-19T00:08:33,17,9,0,26
2023-04-19T00:18:20,17,9,0,26
2023-04-19T00:27:47,17,9,0,26
2023-04-19T00:37:16,17,9,0,26
2023-04-19T00:46:44,17,9,0,26
2023-04-19T00:56:13,17,9,0,26
2023-04-19T01:05:43,17,9,0,26
2023-04-19T01:15:13,17,9,0,26
2023-04-19T01:24:41,17,9,0,26
2023-04-19T01:34:09,17,9,0,26
2023-04-19T01:43:48,17,9,0,26
2023-04-19T01:53:18,17,9,0,26
2023-04-19T02:02:48,17,9,0,26
2023-04-19T02:12:16,17,9,0,26
2023-04-19T02:21:44,17,9,0,26
2023-04-19T02:31:10,17,9,0,26
2023-04-19T02:40:42,17,9,0,26
2023-04-19T02:50:20,17,9,0,26
2023-04-19T02:59:49,17,9,0,26
2023-04-19T03:09:19,17,9,0,26
2023-04-19T03:18:49,17,9,0,26
2023-04-19T03:28:18,17,9,0,26
2023-04-19T03:37:47,17,9,0,26
2023-04-19T03:47:15,17,9,0,26
2023-04-19T03:56:43,17,9,0,26
2023-04-19T04:06:10,17,9,0,26
2023-04-19T04:15:38,17,9,0,26
2023-04-19T04:30:27,17,9,0,26
2023-04-19T04:41:32,17,9,0,26
2023-04-19T04:51:03,17,9,0,26
2023-04-19T05:00:32,17,9,0,26
2023-04-19T05:10:02,17,9,0,26
2023-04-19T05:19:32,17,9,0,26
2023-04-19T05:29:01,17,9,0,26
2023-04-19T05:38:29,17,9,0,26
2023-04-19T05:47:56,17,9,0,26
2023-04-19T05:57:25,17,9,0,26
2023-04-19T06:06:52,17,9,0,26
2023-04-19T06:16:20,17,9,0,26
2023-04-19T06:25:46,17,9,0,26
2023-04-19T06:35:12,17,9,0,26
2023-04-19T06:44:39,17,9,0,26
2023-04-19T06:54:05,17,9,0,26
2023-04-19T07:03:36,17,9,0,26
2023-04-19T07:13:03,17,9,0,26
2023-04-19T07:22:29,17,9,0,26
2023-04-19T07:31:58,17,9,0,26
2023-04-19T07:41:24,17,9,0,26
2023-04-19T07:50:51,17,9,0,26
2023-04-19T08:00:20,17,9,0,26
2023-04-19T08:09:46,17,9,0,26
2023-04-19T08:19:13,17,9,0,26
2023-04-19T08:28:39,17,9,0,26
2023-04-19T08:38:06,17,9,0,26
2023-04-19T08:47:33,17,9,0,26
2023-04-19T08:57:00,17,9,0,26
2023-04-19T09:06:27,17,9,0,26
2023-04-19T09:15:53,17,9,0,26
2023-04-19T09:25:21,17,9,0,26
2023-04-19T09:34:48,17,9,0,26
2023-04-19T09:44:16,17,9,0,26
2023-04-19T09:53:43,17,9,0,26
2023-04-19T10:03:11,17,9,0,26
2023-04-19T10:12:39,17,9,0,26
2023-04-19T10:22:09,17,9,0,26
2023-04-19T10:31:49,17,9,0,26
2023-04-19T10:41:16,17,9,0,26
2023-04-19T10:50:43,17,9,0,26
2023-04-19T11:00:11,17,9,0,26
2023-04-19T11:09:40,17,9,0,26
2023-04-19T11:19:10,17,9,0,26
2023-04-19T11:28:40,17,9,0,26
2023-04-19T11:38:09,17,9,0,26
2023-04-19T11:47:38,17,9,0,26
2023-04-19T11:57:05,17,9,0,26
2023-04-19T12:06:32,17,9,0,26
2023-04-19T12:16:09,17,9,0,26
2023-04-19T12:25:36,17,9,0,26
2023-04-19T12:35:03,17,9,0,26
2023-04-19T12:44:29,17,9,0,26
2023-04-19T12:53:56,17,9,0,26
2023-04-19T13:03:23,17,9,0,26
2023-04-19T13:12:51,17,9,0,26
2023-04-19T13:22:18,17,9,0,26
2023-04-19T13:31:45,17,9,0,26
2023-04-19T13:41:13,17,9,0,26
2023-04-19T13:50:40,17,9,0,26
2023-04-19T23:45:53,17,9,0,26
2023-04-19T23:55:18,17,9,0,26
2023-04-20T00:04:44,17,9,0,26
2023-04-20T00:14:11,17,9,0,26
2023-04-20T00:23:40,17,9,0,26
2023-04-20T00:33:07,17,9,0,26
2023-04-20T00:43:08,17,9,0,26
2023-04-20T00:52:37,17,9,0,26
2023-04-20T01:02:06,17,9,0,26
2023-04-20T01:11:36,17,9,0,26
2023-04-20T01:21:03,17,9,0,26
2023-04-20T01:30:29,17,9,0,26
2023-04-20T01:39:55,17,9,0,26
2023-04-20T01:49:33,17,9,0,26
2023-04-20T01:59:01,17,9,0,26
2023-04-20T02:08:29,17,9,0,26
2023-04-20T02:17:57,17,9,0,26
2023-04-20T02:27:23,17,9,0,26
2023-04-20T02:36:49,17,9,0,26
2023-04-20T02:46:13,17,9,0,26
2023-04-20T02:55:38,17,9,0,26
2023-04-20T03:05:03,17,9,0,26
2023-04-20T03:14:29,17,9,0,26
2023-04-20T03:23:56,17,9,0,26
2023-04-20T03:33:23,17,9,0,26
2023-04-20T03:42:49,17,9,0,26
2023-04-20T03:52:17,17,9,0,26
2023-04-20T04:01:47,17,9,0,26
2023-04-20T04:21:50,17,9,0,26
2023-04-20T04:31:20,17,9,0,26
2023-04-20T04:40:49,17,9,0,26
2023-04-20T04:52:02,17,9,0,26
2023-04-20T05:01:30,17,9,0,26
2023-04-20T05:11:01,17,9,0,26
2023-04-20T05:20:30,17,9,0,26
2023-04-20T05:29:58,17,9,0,26
2023-04-20T05:39:27,17,9,0,26
2023-04-20T05:48:57,17,9,0,26
2023-04-20T05:58:25,17,9,0,26
2023-04-20T06:07:53,17,9,0,26
2023-04-20T06:17:19,17,9,0,26
2023-04-20T06:26:47,17,9,0,26
2023-04-20T06:36:14,17,9,0,26
2023-04-20T06:45:42,17,9,0,26
2023-04-20T06:55:10,17,9,0,26
2023-04-20T07:04:41,17,9,0,26
2023-04-20T07:14:11,17,9,0,26
2023-04-20T07:23:38,17,9,0,26
2023-04-20T07:33:04,17,9,0,26
2023-04-20T07:42:30,17,9,0,26
2023-04-20T07:51:57,17,9,0,26
2023-04-20T08:01:32,17,9,0,26
2023-04-20T08:10:59,17,9,0,26
2023-04-20T08:20:27,17,9,0,26
2023-04-20T08:30:08,17,9,0,26
2023-04-20T08:39:36,17,9,0,26
2023-04-20T08:49:02,17,9,0,26
2023-04-20T08:58:39,17,9,0,26
2023-04-20T09:08:06,17,9,0,26
2023-04-20T09:17:42,17,9,0,26
2023-04-20T09:27:12,17,9,0,26
2023-04-20T09:36:39,17,9,0,26
2023-04-20T09:46:15,17,9,0,26
2023-04-20T09:55:42,17,9,0,26
2023-04-20T10:05:09,17,9,0,26
2023-04-20T10:14:47,17,9,0,26
2023-04-20T10:24:26,17,9,0,26
2023-04-20T10:33:54,17,9,0,26
2023-04-20T10:43:33,17,9,0,26
2023-04-20T10:53:01,17,9,0,26
2023-04-20T11:02:41,17,9,0,26
2023-04-20T11:12:10,17,9,0,26
2023-04-20T11:21:39,17,9,0,26
2023-04-20T11:31:20,17,9,0,26
2023-04-20T11:40:49,17,9,0,26
2023-04-20T11:50:17,17,9,0,26
2023-04-20T11:59:44,17,9,0,26
2023-04-20T12:09:13,17,9,0,26
2023-04-20T12:18:41,17,9,0,26
2023-04-20T12:28:09,17,9,0,26
2023-04-20T12:37:46,17,9,0,26
2023-04-20T12:47:23,17,9,0,26
2023-04-20T12:56:51,17,9,0,26
2023-04-20T13:06:28,17,9,0,26
2023-04-20T13:15:54,17,9,0,26
2023-04-20T13:25:33,17,9,0,26
2023-04-20T13:35:01,17,9,0,26
2023-04-20T13:44:38,17,9,0,26
2023-04-20T13:54:05,17,9,0,26
2023-04-20T14:03:42,17,9,0,26
2023-04-20T14:13:19,17,9,0,26
2023-04-20T14:22:47,17,9,0,26
2023-04-20T14:32:24,17,9,0,26
2023-04-20T14:42:00,17,9,0,26
2023-04-20T14:51:27,17,9,0,26
2023-04-20T15:01:05,17,9,0,26
2023-04-20T15:10:32,17,9,0,26
2023-04-20T15:20:09,17,9,0,26
2023-04-20T15:29:36,17,9,0,26
2023-04-20T15:39:14,17,9,0,26
2023-04-20T15:48:41,17,9,0,26
2023-04-20T15:58:18,17,9,0,26
2023-04-20T16:07:45,17,9,0,26
2023-04-20T16:17:13,17,9,0,26
2023-04-20T16:26:50,17,9,0,26
2023-04-20T16:36:26,17,9,0,26
2023-04-20T16:45:53,17,9,0,26
2023-04-20T16:55:30,17,9,0,26
2023-04-20T17:04:56,17,9,0,26
2023-04-20T17:14:34,17,9,0,26
2023-04-20T17:24:01,17,9,0,26
2023-04-20T17:33:38,17,9,0,26
2023-04-20T17:43:03,17,9,0,26
2023-04-20T17:52:40,17,9,0,26
2023-04-20T18:02:18,17,9,0,26
2023-04-20T18:11:45,17,9,0,26
2023-04-20T18:21:12,17,9,0,26
2023-04-20T18:30:49,17,9,0,26
2023-04-20T18:40:26,17,9,0,26
2023-04-20T18:49:51,17,9,0,26
2023-04-20T18:59:27,17,9,0,26
2023-04-20T19:08:54,17,9,0,26
2023-04-20T19:18:30,17,9,0,26
2023-04-20T19:27:56,17,9,0,26
2023-04-20T19:37:33,17,9,0,26
2023-04-20T19:47:10,17,9,0,26
2023-04-20T19:56:36,17,9,0,26
2023-04-20T20:06:01,17,9,0,26
2023-04-20T20:15:38,17,9,0,26
2023-04-20T20:25:04,17,9,0,26
2023-04-20T20:34:39,17,9,0,26
2023-04-20T20:44:04,17,9,0,26
2023-04-20T20:53:40,17,9,0,26
2023-04-20T21:03:06,17,9,0,26
2023-04-20T21:12:32,17,9,0,26
2023-04-20T21:22:08,17,9,0,26
2023-04-20T21:31:33,17,9,0,26
2023-04-20T21:41:10,17,9,0,26
2023-04-20T21:50:36,17,9,0,26
2023-04-20T22:00:12,17,9,0,26
2023-04-20T22:09:38,17,9,0,26
2023-04-20T22:19:04,17,9,0,26
2023-04-20T22:28:40,17,9,0,26
2023-04-20T22:38:05,17,9,0,26
2023-04-20T22:47:48,17,9,0,26
2023-04-20T22:57:13,17,9,0,26
2023-04-20T23:06:40,17,9,0,26
2023-04-20T23:16:06,17,9,0,26
2023-04-20T23:25:42,17,9,0,26
2023-04-20T23:35:08,17,9,0,26
2023-04-20T23:44:45,17,9,0,26
2023-04-20T23:54:10,17,9,0,26
2023-04-21T00:03:48,17,9,0,26
2023-04-21T00:13:17,17,9,0,26
2023-04-21T00:22:45,17,9,0,26
2023-04-21T00:32:24,17,9,0,26
2023-04-21T00:41:54,17,9,0,26
2023-04-21T00:51:34,17,9,0,26
2023-04-21T01:01:03,17,9,0,26
2023-04-21T01:10:45,17,9,0,26
2023-04-21T01:20:14,17,9,0,26
2023-04-21T01:29:41,17,9,0,26
2023-04-21T01:39:19,17,9,0,26
2023-04-21T01:48:48,17,9,0,26
2023-04-21T01:58:17,17,9,0,26
2023-04-21T02:07:55,17,9,0,26
2023-04-21T02:17:21,17,9,0,26
2023-04-21T02:26:47,17,9,0,26
2023-04-21T02:36:25,17,9,0,26
2023-04-21T02:46:01,17,9,0,26
2023-04-21T02:55:30,17,9,0,26
2023-04-21T03:05:09,17,9,0,26
2023-04-21T03:14:39,17,9,0,26
2023-04-21T03:24:09,17,9,0,26
2023-04-21T03:33:51,17,9,0,26
2023-04-21T03:43:27,17,9,0,26
2023-04-21T03:53:06,17,9,0,26
2023-04-21T04:02:46,17,9,0,26
2023-04-21T04:17:25,17,9,0,26
2023-04-21T04:27:37,17,9,0,26
2023-04-21T04:37:31,17,9,0,26
2023-04-21T04:47:22,17,9,0,26
2023-04-21T04:57:12,17,9,0,26
2023-04-21T05:07:09,17,9,0,26
2023-04-21T05:16:59,17,9,0,26
2023-04-21T05:26:41,17,9,0,26
2023-04-21T05:36:25,17,9,0,26
2023-04-21T05:46:15,17,9,0,26
2023-04-21T05:55:52,17,9,0,26
2023-04-21T06:05:27,17,9,0,26
2023-04-21T06:15:00,17,9,0,26
2023-04-21T06:24:38,17,9,0,26
2023-04-21T06:34:05,17,9,0,26
2023-04-21T06:43:33,17,9,0,26
2023-04-21T06:53:00,17,9,0,26
2023-04-21T07:02:39,17,9,0,26
2023-04-21T07:12:07,17,9,0,26
2023-04-21T07:21:34,17,9,0,26
2023-04-21T07:31:10,17,9,0,26
2023-04-21T07:40:36,17,9,0,26
2023-04-21T07:50:03,17,9,0,26
2023-04-21T07:59:29,17,9,0,26
2023-04-21T08:08:55,17,9,0,26
2023-04-21T08:18:31,17,9,0,26
2023-04-21T08:27:57,17,9,0,26
2023-04-21T08:37:23,17,9,0,26
2023-04-21T08:46:58,17,9,0,26
2023-04-21T08:56:23,17,9,0,26
2023-04-21T09:05:49,17,9,0,26
2023-04-21T09:15:24,17,9,0,26
2023-04-21T09:24:50,17,9,0,26
2023-04-21T09:34:16,17,9,0,26
2023-04-21T09:43:42,17,9,0,26
2023-04-21T09:53:18,17,9,0,26
2023-04-21T10:02:44,17,9,0,26
2023-04-21T10:12:11,17,9,0,26
2023-04-21T10:21:40,17,9,0,26
2023-04-21T10:31:15,17,9,0,26
2023-04-21T10:40:41,17,9,0,26
2023-04-21T10:50:07,17,9,0,26
2023-04-21T10:59:42,17,9,0,26
2023-04-21T11:09:08,17,9,0,26
2023-04-21T11:18:43,17,9,0,26
2023-04-21T11:28:09,17,9,0,26
2023-04-21T11:37:35,17,9,0,26
2023-04-21T11:47:10,17,9,0,26
2023-04-21T11:56:36,17,9,0,26
2023-04-21T12:06:03,17,9,0,26
2023-04-21T12:15:38,17,9,0,26
2023-04-21T12:25:04,17,9,0,26
2023-04-21T12:34:29,17,9,0,26
2023-04-21T12:43:55,17,9,0,26
2023-04-21T12:53:30,17,9,0,26
2023-04-21T13:02:56,17,9,0,26
2023-04-21T13:12:21,17,9,0,26
2023-04-21T13:21:58,17,9,0,26
2023-04-21T13:31:23,17,9,0,26
2023-04-21T13:40:50,17,9,0,26
2023-04-21T13:50:16,17,9,0,26
2023-04-21T13:59:51,17,9,0,26
2023-04-21T14:09:17,17,9,0,26
2023-04-21T14:18:54,17,9,0,26
2023-04-21T14:28:19,17,9,0,26
2023-04-21T14:37:45,17,9,0,26
2023-04-21T14:47:21,17,9,0,26
2023-04-21T14:56:47,17,9,0,26
2023-04-21T15:06:13,17,9,0,26
2023-04-21T15:15:38,17,9,0,26
2023-04-21T15:25:14,17,9,0,26
2023-04-21T15:34:40,17,9,0,26
2023-04-21T15:44:06,17,9,0,26
2023-04-21T15:53:33,17,9,0,26
2023-04-21T16:03:09,17,9,0,26
2023-04-21T16:12:35,17,9,0,26
2023-04-21T16:22:01,17,9,0,26
2023-04-21T16:31:26,17,9,0,26
2023-04-21T16:41:02,17,9,0,26
2023-04-21T16:50:27,17,9,0,26
2023-04-21T16:59:52,17,9,0,26
2023-04-21T17:09:18,17,9,0,26
2023-04-21T17:18:53,17,9,0,26
2023-04-21T17:28:18,17,9,0,26
2023-04-21T17:37:43,17,9,0,26
2023-04-21T17:47:17,17,9,0,26
2023-04-21T17:56:42,17,9,0,26
2023-04-21T18:06:07,17,9,0,26
2023-04-21T18:15:31,17,9,0,26
2023-04-21T18:25:06,17,9,0,26
2023-04-21T18:34:31,17,9,0,26
2023-04-21T18:43:56,17,9,0,26
2023-04-21T18:53:21,17,9,0,26
2023-04-21T19:02:56,17,9,0,26
2023-04-21T19:12:22,17,9,0,26
2023-04-21T19:21:48,17,9,0,26
2023-04-21T19:31:13,17,9,0,26
2023-04-21T19:40:47,17,9,0,26
2023-04-21T19:50:12,17,9,0,26
2023-04-21T19:59:37,17,9,0,26
2023-04-21T20:09:03,17,9,0,26
2023-04-21T20:18:28,17,9,0,26
2023-04-21T20:28:03,17,9,0,26
2023-04-21T20:37:29,17,9,0,26
2023-04-21T20:46:54,17,9,0,26
2023-04-21T20:56:19,17,9,0,26
2023-04-21T21:05:44,17,9,0,26
2023-04-21T21:15:20,17,9,0,26
2023-04-21T21:24:44,17,9,0,26
2023-04-21T21:34:09,17,9,0,26
2023-04-21T21:43:35,17,9,0,26
2023-04-21T21:53:00,17,9,0,26
2023-04-21T22:02:35,17,9,0,26
2023-04-21T22:12:00,17,9,0,26
2023-04-21T22:21:25,17,9,0,26
2023-04-21T22:30:52,17,9,0,26
2023-04-21T22:40:17,17,9,0,26
2023-04-21T22:49:42,17,9,0,26
2023-04-21T22:59:17,17,9,0,26
2023-04-21T23:08:44,17,9,0,26
2023-04-21T23:18:09,17,9,0,26
2023-04-21T23:27:35,17,9,0,26
2023-04-21T23:37:00,17,9,0,26
2023-04-21T23:46:26,17,9,0,26
2023-04-21T23:55:52,17,9,0,26
2023-04-22T00:05:18,17,9,0,26
2023-04-22T00:15:00,17,9,0,26
2023-04-22T00:24:29,17,9,0,26
2023-04-22T00:33:56,17,9,0,26
2023-04-22T00:43:26,17,9,0,26
2023-04-22T00:52:55,17,9,0,26
2023-04-22T01:02:24,17,9,0,26
2023-04-22T01:11:53,17,9,0,26
2023-04-22T01:21:32,17,9,0,26
2023-04-22T01:31:00,17,9,0,26
2023-04-22T01:40:27,17,9,0,26
2023-04-22T01:49:55,17,9,0,26
2023-04-22T01:59:21,17,9,0,26
2023-04-22T02:08:49,17,9,0,26
2023-04-22T02:18:25,17,9,0,26
2023-04-22T02:27:50,17,9,0,26
2023-04-22T02:37:16,17,9,0,26
2023-04-22T02:46:41,17,9,0,26
2023-04-22T02:56:07,17,9,0,26
2023-04-22T03:05:44,17,9,0,26
2023-04-22T03:15:11,17,9,0,26
2023-04-22T03:24:38,17,9,0,26
2023-04-22T03:34:05,17,9,0,26
2023-04-22T03:43:31,17,9,0,26
2023-04-22T03:53:08,17,9,0,26
2023-04-22T04:02:36,17,9,0,26
2023-04-22T04:16:41,17,9,0,26
2023-04-22T04:26:38,17,9,0,26
2023-04-22T04:36:11,17,9,0,26
2023-04-22T04:45:42,17,9,0,26
2023-04-22T04:55:12,17,9,0,26
2023-04-22T05:04:41,17,9,0,26
2023-04-22T05:14:23,17,9,0,26
2023-04-22T05:23:51,17,9,0,26
2023-04-22T05:33:21,17,9,0,26
2023-04-22T05:42:49,17,9,0,26
2023-04-22T05:52:25,17,9,0,26
2023-04-22T06:01:53,17,9,0,26
2023-04-22T06:11:22,17,9,0,26
2023-04-22T06:20:58,17,9,0,26
2023-04-22T06:30:27,17,9,0,26
2023-04-22T06:39:55,17,9,0,26
2023-04-22T06:49:22,17,9,0,26
2023-04-22T06:58:53,17,9,0,26
2023-04-22T07:08:29,17,9,0,26
2023-04-22T07:17:59,17,9,0,26
2023-04-22T07:27:27,17,9,0,26
2023-04-22T07:36:54,17,9,0,26
2023-04-22T07:46:29,17,9,0,26
2023-04-22T07:55:57,17,9,0,26
2023-04-22T08:05:24,17,9,0,26
2023-04-22T08:14:52,17,9,0,26
2023-04-22T08:24:29,17,9,0,26
2023-04-22T08:33:57,17,9,0,26
2023-04-22T08:43:25,17,9,0,26
2023-04-22T08:53:02,17,9,0,26
2023-04-22T09:02:30,17,9,0,26
2023-04-22T09:11:59,17,9,0,26
2023-04-22T09:21:28,17,9,0,26
2023-04-22T09:31:04,17,9,0,26
2023-04-22T09:40:33,17,9,0,26
2023-04-22T09:50:03,17,9,0,26
2023-04-22T09:59:39,17,9,0,26
2023-04-22T10:09:06,17,9,0,26
2023-04-22T10:18:34,17,9,0,26
2023-04-22T10:28:01,17,9,0,26
2023-04-22T10:37:39,17,9,0,26
2023-04-22T10:47:06,17,9,0,26
2023-04-22T10:56:33,17,9,0,26
2023-04-22T11:05:58,17,9,0,26
2023-04-22T11:15:25,17,9,0,26
2023-04-22T11:25:01,17,9,0,26
2023-04-22T11:34:27,17,9,0,26
2023-04-22T11:43:54,17,9,0,26
2023-04-22T11:53:27,17,9,0,26
2023-04-22T12:02:52,17,9,0,26
2023-04-22T12:12:17,17,9,0,26
2023-04-22T12:21:51,17,9,0,26
2023-04-22T12:31:16,17,9,0,26
2023-04-22T12:40:40,17,9,0,26
2023-04-22T12:50:05,17,9,0,26
2023-04-22T12:59:39,17,9,0,26
2023-04-22T13:09:03,17,9,0,26
2023-04-22T13:18:29,17,9,0,26
2023-04-22T13:27:54,17,9,0,26
2023-04-22T13:37:27,17,9,0,26
2023-04-22T13:46:51,17,9,0,26
2023-04-22T13:56:16,17,9,0,26
2023-04-22T14:05:41,17,9,0,26
2023-04-22T14:15:15,17,9,0,26
2023-04-22T14:24:40,17,9,0,26
2023-04-22T14:34:05,17,9,0,26
2023-04-22T14:43:39,17,9,0,26
2023-04-22T14:53:04,17,9,0,26
2023-04-22T15:02:29,17,9,0,26
2023-04-22T15:11:54,17,9,0,26
2023-04-22T15:21:28,17,9,0,26
2023-04-22T15:30:55,17,9,0,26
2023-04-22T15:40:21,17,9,0,26
2023-04-22T15:49:58,17,9,0,26
2023-04-22T15:59:29,17,9,0,26
2023-04-22T16:09:03,17,9,0,26
2023-04-22T16:18:36,17,9,0,26
2023-04-22T16:28:09,17,9,0,26
2023-04-22T16:37:51,17,9,0,26
2023-04-22T16:47:24,17,9,0,26
2023-04-22T16:56:57,17,9,0,26
2023-04-22T17:06:31,17,9,0,26
2023-04-22T17:16:06,17,9,0,26
2023-04-22T17:25:46,17,9,0,26
2023-04-22T17:35:15,17,9,0,26
2023-04-22T17:44:42,17,9,0,26
2023-04-22T17:54:07,17,9,0,26
2023-04-22T18:03:33,17,9,0,26
2023-04-22T18:13:08,17,9,0,26
2023-04-22T18:22:32,17,9,0,26
2023-04-22T18:31:57,17,9,0,26
2023-04-22T18:41:22,17,9,0,26
2023-04-22T18:50:47,17,9,0,26
2023-04-22T19:00:22,17,9,0,26
2023-04-22T19:09:47,17,9,0,26
2023-04-22T19:19:11,17,9,0,26
2023-04-22T19:28:36,17,9,0,26
2023-04-22T19:38:01,17,9,0,26
2023-04-22T19:47:35,17,9,0,26
2023-04-22T19:56:59,17,9,0,26
2023-04-22T20:06:24,17,9,0,26
2023-04-22T20:15:49,17,9,0,26
2023-04-22T20:25:14,17,9,0,26
2023-04-22T20:34:48,17,9,0,26
2023-04-22T20:44:13,17,9,0,26
2023-04-22T20:53:38,17,9,0,26
2023-04-22T21:03:03,17,9,0,26
2023-04-22T21:12:28,17,9,0,26
2023-04-22T21:22:01,17,9,0,26
2023-04-22T21:31:27,17,9,0,26
2023-04-22T21:40:53,17,9,0,26
2023-04-22T21:50:17,17,9,0,26
2023-04-22T21:59:52,17,9,0,26
2023-04-22T22:09:17,17,9,0,26
2023-04-22T22:18:42,17,9,0,26
2023-04-22T22:28:08,17,9,0,26
2023-04-22T22:37:34,17,9,0,26
2023-04-22T22:46:59,17,9,0,26
2023-04-22T22:56:35,17,9,0,26
2023-04-22T23:06:01,17,9,0,26
2023-04-22T23:15:27,17,9,0,26
2023-04-22T23:24:55,17,9,0,26
2023-04-22T23:34:29,17,9,0,26
2023-04-22T23:43:54,17,9,0,26
2023-04-22T23:53:19,17,9,0,26
2023-04-23T00:02:45,17,9,0,26
2023-04-23T00:12:11,17,9,0,26
2023-04-23T00:21:51,17,9,0,26
2023-04-23T00:31:16,17,9,0,26
2023-04-23T00:40:42,17,9,0,26
2023-04-23T00:50:08,17,9,0,26
2023-04-23T00:59:33,17,9,0,26
2023-04-23T01:09:00,17,9,0,26
2023-04-23T01:18:34,17,9,0,26
2023-04-23T01:27:59,17,9,0,26
2023-04-23T01:37:23,17,9,0,26
2023-04-23T01:46:48,17,9,0,26
2023-04-23T01:56:22,17,9,0,26
2023-04-23T02:05:47,17,9,0,26
2023-04-23T02:15:12,17,9,0,26
2023-04-23T02:24:38,17,9,0,26
2023-04-23T02:34:12,17,9,0,26
2023-04-23T02:43:37,17,9,0,26
2023-04-23T02:53:02,17,9,0,26
2023-04-23T03:02:27,17,9,0,26
2023-04-23T03:12:05,17,9,0,26
2023-04-23T03:21:44,17,9,0,26
2023-04-23T03:31:14,17,9,0,26
2023-04-23T03:40:42,17,9,0,26
2023-04-23T03:50:11,17,9,0,26
2023-04-23T03:59:48,17,9,0,26
2023-04-23T04:09:17,17,9,0,26
2023-04-23T04:26:27,17,9,0,26
2023-04-23T04:36:22,17,9,0,26
2023-04-23T04:45:54,17,9,0,26
2023-04-23T04:55:26,17,9,0,26
2023-04-23T05:04:55,17,9,0,26
2023-04-23T05:14:32,17,9,0,26
2023-04-23T05:24:00,17,9,0,26
2023-04-23T05:33:29,17,9,0,26
2023-04-23T05:42:59,17,9,0,26
2023-04-23T05:52:28,17,9,0,26
2023-04-23T06:01:57,17,9,0,26
2023-04-23T06:11:33,17,9,0,26
2023-04-23T06:21:11,17,9,0,26
2023-04-23T06:30:42,17,9,0,26
2023-04-23T06:40:13,17,9,0,26
2023-04-23T06:49:42,17,9,0,26
2023-04-23T06:59:21,17,9,0,26
2023-04-23T07:08:48,17,9,0,26
2023-04-23T07:18:15,17,9,0,26
2023-04-23T07:27:43,17,9,0,26
2023-04-23T07:37:27,17,9,0,26
2023-04-23T07:46:54,17,9,0,26
2023-04-23T07:56:22,17,9,0,26
2023-04-23T08:08:15,17,9,0,26
2023-04-23T08:17:42,17,9,0,26
2023-04-23T08:27:11,17,9,0,26
2023-04-23T08:36:38,17,9,0,26
2023-04-23T08:46:06,17,9,0,26
2023-04-23T08:55:41,17,9,0,26
2023-04-23T09:05:07,17,9,0,26
2023-04-23T09:14:33,17,9,0,26
2023-04-23T09:24:09,17,9,0,26
2023-04-23T09:33:35,17,9,0,26
2023-04-23T09:43:17,17,9,0,26
2023-04-23T09:52:43,17,9,0,26
2023-04-23T10:02:20,17,9,0,26
2023-04-23T10:11:46,17,9,0,26
2023-04-23T10:21:21,17,9,0,26
2023-04-23T10:30:57,17,9,0,26
2023-04-23T10:40:26,17,9,0,26
2023-04-23T10:49:51,17,9,0,26
2023-04-23T10:59:32,17,9,0,26
2023-04-23T11:08:56,17,9,0,26
2023-04-23T11:18:21,17,9,0,26
2023-04-23T11:27:45,17,9,0,26
2023-04-23T11:37:19,17,9,0,26
2023-04-23T11:46:44,17,9,0,26
2023-04-23T11:56:09,17,9,0,26
2023-04-23T12:05:43,17,9,0,26
2023-04-23T12:15:09,17,9,0,26
2023-04-23T12:24:43,17,9,0,26
2023-04-23T12:34:07,17,9,0,26
2023-04-23T12:43:32,17,9,0,26
2023-04-23T12:53:06,17,9,0,26
2023-04-23T13:02:30,17,9,0,26
2023-04-23T13:11:55,17,9,0,26
2023-04-23T13:21:28,17,9,0,26
2023-04-23T13:30:53,17,9,0,26
2023-04-23T13:40:18,17,9,0,26
2023-04-23T13:49:44,17,9,0,26
2023-04-23T13:59:17,17,9,0,26
2023-04-23T14:08:42,17,9,0,26
2023-04-23T14:18:08,17,9,0,26
2023-04-23T14:27:42,17,9,0,26
2023-04-23T14:37:07,17,9,0,26
2023-04-23T14:46:31,17,9,0,26
2023-04-23T14:56:12,17,9,0,26
2023-04-23T15:05:38,17,9,0,26
2023-04-23T15:15:03,17,9,0,26
2023-04-23T15:24:36,17,9,0,26
2023-04-23T15:34:01,17,9,0,26
2023-04-23T15:43:26,17,9,0,26
2023-04-23T15:53:00,17,9,0,26
2023-04-23T16:02:26,17,9,0,26
2023-04-23T16:12:00,17,9,0,26
2023-04-23T16:21:26,17,9,0,26
2023-04-23T16:31:01,17,9,0,26
2023-04-23T16:40:26,17,9,0,26
2023-04-23T16:50:00,17,9,0,26
2023-04-23T16:59:24,17,9,0,26
2023-04-23T17:08:50,17,9,0,26
2023-04-23T17:18:14,17,9,0,26
2023-04-23T17:27:48,17,9,0,26
2023-04-23T17:37:12,17,9,0,26
2023-04-23T17:46:45,17,9,0,26
2023-04-23T17:56:10,17,9,0,26
2023-04-23T18:05:44,17,9,0,26
2023-04-23T18:15:09,17,9,0,26
2023-04-23T18:24:33,17,9,0,26
2023-04-23T18:34:07,17,9,0,26
2023-04-23T18:43:32,17,9,0,26
2023-04-23T18:53:05,17,9,0,26
2023-04-23T19:02:31,17,9,0,26
2023-04-23T19:11:56,17,9,0,26
2023-04-23T19:21:31,17,9,0,26
2023-04-23T19:30:55,17,9,0,26
2023-04-23T19:40:29,17,9,0,26
2023-04-23T19:49:54,17,9,0,26
2023-04-23T19:59:28,17,9,0,26
2023-04-23T20:08:53,17,9,0,26
2023-04-23T20:18:17,17,9,0,26
2023-04-23T20:27:42,17,9,0,26
2023-04-23T20:37:24,17,9,0,26
2023-04-23T20:46:49,17,9,0,26
2023-04-23T20:56:23,17,9,0,26
2023-04-23T21:05:48,17,9,0,26
2023-04-23T21:15:13,17,9,0,26
2023-04-23T21:24:55,17,9,0,26
2023-04-23T21:34:20,17,9,0,26
2023-04-23T21:43:45,17,9,0,26
2023-04-23T21:53:20,17,9,0,26
2023-04-23T22:02:44,17,9,0,26
2023-04-23T22:12:09,17,9,0,26
2023-04-23T22:21:52,17,9,0,26
2023-04-23T22:31:16,17,9,0,26
2023-04-23T22:40:41,17,9,0,26
2023-04-23T22:50:06,17,9,0,26
2023-04-23T22:59:41,17,9,0,26
2023-04-23T23:09:08,17,9,0,26
2023-04-23T23:18:38,17,9,0,26
2023-04-23T23:28:03,17,9,0,26
2023-04-23T23:37:50,17,9,0,26
2023-04-23T23:47:16,17,9,0,26
2023-04-23T23:56:41,17,9,0,26
2023-04-24T00:06:18,17,9,0,26
2023-04-24T00:15:44,17,9,0,26
2023-04-24T00:25:13,17,9,0,26
2023-04-24T00:34:57,17,9,0,26
2023-04-24T00:44:22,17,9,0,26
2023-04-24T00:53:46,17,9,0,26
2023-04-24T01:03:08,17,9,0,26
2023-04-24T01:12:44,17,9,0,26
2023-04-24T01:22:11,17,9,0,26
2023-04-24T01:31:37,17,9,0,26
2023-04-24T01:41:02,17,9,0,26
2023-04-24T01:50:38,17,9,0,26
2023-04-24T02:00:04,17,9,0,26
2023-04-24T02:09:41,17,9,0,26
2023-04-24T02:19:08,17,9,0,26
2023-04-24T02:28:35,17,9,0,26
2023-04-24T02:38:17,17,9,0,26
2023-04-24T02:47:43,17,9,0,26
2023-04-24T02:57:08,17,9,0,26
2023-04-24T03:06:44,17,9,0,26
2023-04-24T03:16:14,17,9,0,26
2023-04-24T03:25:41,17,9,0,26
2023-04-24T03:35:23,17,9,0,26
2023-04-24T03:44:49,17,9,0,26
2023-04-24T03:54:17,17,9,0,26
2023-04-24T04:03:51,17,9,0,26
2023-04-24T04:20:29,17,9,0,26
2023-04-24T04:30:14,17,9,0,26
2023-04-24T04:39:42,17,9,0,26
2023-04-24T04:49:22,17,9,0,26
2023-04-24T04:58:50,17,9,0,26
2023-04-24T05:08:18,17,9,0,26
2023-04-24T05:17:45,17,9,0,26
2023-04-24T05:27:20,17,9,0,26
2023-04-24T05:36:46,17,9,0,26
2023-04-24T05:46:20,17,9,0,26
2023-04-24T05:55:44,17,9,0,26
2023-04-24T06:05:19,17,9,0,26
2023-04-24T06:14:43,17,9,0,26
2023-04-24T06:24:08,17,9,0,26
2023-04-24T06:33:44,17,9,0,26
2023-04-24T06:43:13,17,9,0,26
2023-04-24T06:52:41,17,9,0,26
2023-04-24T07:02:21,17,9,0,26
2023-04-24T07:11:52,17,9,0,26
2023-04-24T07:21:20,17,9,0,26
2023-04-24T07:30:56,17,9,0,26
2023-04-24T07:40:23,17,9,0,26
2023-04-24T07:49:58,17,9,0,26
2023-04-24T07:59:26,17,9,0,26
2023-04-24T08:09:04,17,9,0,26
2023-04-24T08:18:31,17,9,0,26
2023-04-24T08:28:06,17,9,0,26
2023-04-24T08:37:33,17,9,0,26
2023-04-24T08:47:10,17,9,0,26
2023-04-24T08:56:37,17,9,0,26
2023-04-24T09:06:13,17,9,0,26
2023-04-24T09:15:39,17,9,0,26
2023-04-24T09:25:16,17,9,0,26
2023-04-24T09:34:42,17,9,0,26
2023-04-24T09:44:17,17,9,0,26
2023-04-24T09:53:43,17,9,0,26
2023-04-24T10:03:09,17,9,0,26
2023-04-24T10:12:46,17,9,0,26
2023-04-24T10:22:13,17,9,0,26
2023-04-24T10:31:39,17,9,0,26
2023-04-24T10:41:15,17,9,0,26
2023-04-24T10:50:41,17,9,0,26
2023-04-24T11:00:07,17,9,0,26
2023-04-24T11:09:42,17,9,0,26
2023-04-24T11:19:08,17,9,0,26
2023-04-24T11:28:35,17,9,0,26
2023-04-24T11:38:11,17,9,0,26
2023-04-24T11:47:36,17,9,0,26
2023-04-24T11:57:13,17,9,0,26
2023-04-24T12:06:38,17,9,0,26
2023-04-24T12:16:03,17,9,0,26
2023-04-24T12:25:38,17,9,0,26
2023-04-24T12:35:04,17,9,0,26
2023-04-24T12:44:29,17,9,0,26
2023-04-24T12:53:54,17,9,0,26
2023-04-24T13:03:30,17,9,0,26
2023-04-24T13:12:56,17,9,0,26
2023-04-24T13:22:32,17,9,0,26
2023-04-24T13:32:01,17,9,0,26
2023-04-24T13:41:36,17,9,0,26
2023-04-24T13:51:02,17,9,0,26
2023-04-24T14:00:37,17,9,0,26
2023-04-24T14:10:03,17,9,0,26
2023-04-24T14:19:29,17,9,0,26
2023-04-24T14:28:54,17,9,0,26
2023-04-24T14:38:30,17,9,0,26
2023-04-24T14:47:55,17,9,0,26
2023-04-24T14:57:32,17,9,0,26
2023-04-24T15:06:57,17,9,0,26
2023-04-24T15:16:23,17,9,0,26
2023-04-24T15:25:59,17,9,0,26
2023-04-24T15:35:24,17,9,0,26
2023-04-24T15:45:00,17,9,0,26
2023-04-24T15:54:26,17,9,0,26
2023-04-24T16:04:01,17,9,0,26
2023-04-24T16:13:27,17,9,0,26
2023-04-24T16:22:52,17,9,0,26
2023-04-24T16:32:27,17,9,0,26
2023-04-24T16:41:52,17,9,0,26
2023-04-24T16:51:18,17,9,0,26
2023-04-24T17:00:43,17,9,0,26
2023-04-24T17:10:19,17,9,0,26
2023-04-24T17:19:45,17,9,0,26
2023-04-24T17:29:20,17,9,0,26
2023-04-24T17:38:45,17,9,0,26
2023-04-24T17:48:10,17,9,0,26
2023-04-24T17:57:44,17,9,0,26
2023-04-24T18:07:09,17,9,0,26
2023-04-24T18:16:44,17,9,0,26
2023-04-24T18:26:08,17,9,0,26
2023-04-24T18:35:33,17,9,0,26
2023-04-24T18:45:08,17,9,0,26
2023-04-24T18:54:33,17,9,0,26
2023-04-24T19:04:09,17,9,0,26
2023-04-24T19:13:34,17,9,0,26
2023-04-24T19:23:09,17,9,0,26
2023-04-24T19:32:34,17,9,0,26
2023-04-24T19:41:59,17,9,0,26
2023-04-24T19:51:34,17,9,0,26
2023-04-24T20:00:59,17,9,0,26
2023-04-24T20:10:32,17,9,0,26
2023-04-24T20:19:57,17,9,0,26
2023-04-24T20:29:22,17,9,0,26
2023-04-24T20:38:56,17,9,0,26
2023-04-24T20:48:21,17,9,0,26
2023-04-24T20:57:46,17,9,0,26
2023-04-24T21:07:21,17,9,0,26
2023-04-24T21:16:46,17,9,0,26
2023-04-24T21:26:21,17,9,0,26
2023-04-24T21:35:46,17,9,0,26
2023-04-24T21:45:11,17,9,0,26
2023-04-24T21:54:48,17,9,0,26
2023-04-24T22:04:12,17,9,0,26
2023-04-24T22:13:37,17,9,0,26
2023-04-24T22:23:01,17,9,0,26
2023-04-24T22:32:36,17,9,0,26
2023-04-24T22:42:01,17,9,0,26
2023-04-24T22:51:26,17,9,0,26
2023-04-24T23:00:51,17,9,0,26
2023-04-24T23:10:28,17,9,0,26
2023-04-24T23:19:53,17,9,0,26
2023-04-24T23:29:28,17,9,0,26
2023-04-24T23:39:02,17,9,0,26
2023-04-24T23:48:27,17,9,0,26
2023-04-24T23:57:52,17,9,0,26
2023-04-25T00:07:27,17,9,0,26
2023-04-25T00:16:54,17,9,0,26
2023-04-25T00:26:22,17,9,0,26
2023-04-25T00:36:01,17,9,0,26
2023-04-25T00:45:30,17,9,0,26
2023-04-25T00:54:59,17,9,0,26
2023-04-25T01:04:38,17,9,0,26
2023-04-25T01:14:05,17,9,0,26
2023-04-25T01:23:32,17,9,0,26
2023-04-25T01:32:59,17,9,0,26
2023-04-25T01:42:34,17,9,0,26
2023-04-25T01:52:00,17,9,0,26
2023-04-25T02:01:25,17,9,0,26
2023-04-25T02:10:51,17,9,0,26
2023-04-25T02:20:17,17,9,0,26
2023-04-25T02:29:54,17,9,0,26
2023-04-25T02:39:19,17,9,0,26
2023-04-25T02:48:45,17,9,0,26
2023-04-25T02:58:10,17,9,0,26
2023-04-25T03:07:45,17,9,0,26
2023-04-25T03:17:11,17,9,0,26
2023-04-25T03:26:38,17,9,0,26
2023-04-25T03:36:06,17,9,0,26
2023-04-25T03:45:51,17,9,0,26
2023-04-25T03:55:19,17,9,0,26
2023-04-25T04:04:48,17,9,0,26
2023-04-25T04:22:55,17,9,0,26
2023-04-25T04:33:37,17,9,0,26
2023-04-25T04:43:24,17,9,0,26
2023-04-25T04:52:53,17,9,0,26
2023-04-25T05:02:21,17,9,0,26
2023-04-25T05:11:59,17,9,0,26
2023-04-25T05:21:28,17,9,0,26
2023-04-25T05:30:56,17,9,0,26
2023-04-25T05:40:24,17,9,0,26
2023-04-25T05:50:02,17,9,0,26
2023-04-25T05:59:29,17,9,0,26
2023-04-25T06:08:57,17,9,0,26
2023-04-25T06:18:24,17,9,0,26
2023-04-25T06:27:59,17,9,0,26
2023-04-25T06:37:27,17,9,0,26
2023-04-25T06:46:54,17,9,0,26
2023-04-25T06:56:22,17,9,0,26
2023-04-25T07:05:49,17,9,0,26
2023-04-25T07:15:16,17,9,0,26
2023-04-25T07:24:52,17,9,0,26
2023-04-25T07:34:18,17,9,0,26
2023-04-25T07:43:44,17,9,0,26
2023-04-25T07:53:11,17,9,0,26
2023-04-25T08:02:39,17,9,0,26
2023-04-25T08:12:07,17,9,0,26
2023-04-25T08:21:43,17,9,0,26
2023-04-25T08:31:11,17,9,0,26
2023-04-25T08:40:39,17,9,0,26
2023-04-25T08:50:05,17,9,0,26
2023-04-25T08:59:30,17,9,0,26
2023-04-25T09:08:56,17,9,0,26
2023-04-25T09:18:31,17,9,0,26
2023-04-25T09:27:58,17,9,0,26
2023-04-25T09:37:23,17,9,0,26
2023-04-25T09:46:48,17,9,0,26
2023-04-25T09:56:23,17,9,0,26
2023-04-25T10:05:58,17,9,0,26
2023-04-25T10:15:23,17,9,0,26
2023-04-25T10:24:57,17,9,0,26
2023-04-25T10:34:27,17,9,0,26
2023-04-25T10:43:52,17,9,0,26
2023-04-25T10:53:26,17,9,0,26
2023-04-25T11:02:52,17,9,0,26
2023-04-25T11:12:18,17,9,0,26
2023-04-25T11:21:52,17,9,0,26
2023-04-25T11:31:18,17,9,0,26
2023-04-25T11:40:44,17,9,0,26
2023-04-25T11:50:10,17,9,0,26
2023-04-25T11:59:35,17,9,0,26
2023-04-25T12:09:10,17,9,0,26
2023-04-25T12:18:35,17,9,0,26
2023-04-25T12:28:00,17,9,0,26
2023-04-25T12:37:26,17,9,0,26
2023-04-25T12:46:51,17,9,0,26
2023-04-25T12:56:25,17,9,0,26
2023-04-25T13:05:51,17,9,0,26
2023-04-25T13:15:16,17,9,0,26
2023-04-25T13:24:51,17,9,0,26
2023-04-25T13:34:16,17,9,0,26
2023-04-25T13:43:42,17,9,0,26
2023-04-25T13:53:07,17,9,0,26
2023-04-25T14:02:41,17,9,0,26
2023-04-25T14:12:07,17,9,0,26
2023-04-25T14:21:32,17,9,0,26
2023-04-25T14:31:07,17,9,0,26
2023-04-25T14:40:33,17,9,0,26
2023-04-25T14:49:58,17,9,0,26
2023-04-25T14:59:24,17,9,0,26
2023-04-25T15:08:59,17,9,0,26
2023-04-25T15:18:24,17,9,0,26
2023-04-25T15:27:49,17,9,0,26
2023-04-25T15:37:14,17,9,0,26
2023-04-25T15:46:49,17,9,0,26
2023-04-25T15:56:15,17,9,0,26
2023-04-25T16:05:41,17,9,0,26
2023-04-25T16:15:06,17,9,0,26
2023-04-25T16:24:30,17,9,0,26
2023-04-25T16:34:05,17,9,0,26
2023-04-25T16:43:30,17,9,0,26
2023-04-25T16:52:55,17,9,0,26
2023-04-25T17:02:20,17,9,0,26
2023-04-25T17:11:46,17,9,0,26
2023-04-25T17:21:12,17,9,0,26
2023-04-25T17:30:37,17,9,0,26
2023-04-25T17:40:02,17,9,0,26
2023-04-25T17:49:36,17,9,0,26
2023-04-25T17:59:00,17,9,0,26
2023-04-25T18:08:25,17,9,0,26
2023-04-25T18:17:51,17,9,0,26
2023-04-25T18:27:15,17,9,0,26
2023-04-25T18:36:40,17,9,0,26
2023-04-25T18:46:04,17,9,0,26
2023-04-25T18:55:29,17,9,0,26
2023-04-25T19:05:04,17,9,0,26
2023-04-25T19:14:29,17,9,0,26
2023-04-25T19:23:53,17,9,0,26
2023-04-25T19:33:18,17,9,0,26
2023-04-25T19:42:43,17,9,0,26
2023-04-25T19:52:17,17,9,0,26
2023-04-25T20:01:41,17,9,0,26
2023-04-25T20:11:06,17,9,0,26
2023-04-25T20:20:31,17,9,0,26
2023-04-25T20:30:05,17,9,0,26
2023-04-25T20:39:30,17,9,0,26
2023-04-25T20:48:54,17,9,0,26
2023-04-25T20:58:19,17,9,0,26
2023-04-25T21:07:43,17,9,0,26
2023-04-25T21:17:11,17,9,0,26
2023-04-25T21:26:45,17,9,0,26
2023-04-25T21:36:09,17,9,0,26
2023-04-25T21:45:34,17,9,0,26
2023-04-25T21:54:59,17,9,0,26
2023-04-25T22:04:24,17,9,0,26
2023-04-25T22:13:48,17,9,0,26
2023-04-25T22:23:13,17,9,0,26
2023-04-25T22:32:38,17,9,0,26
2023-04-25T22:42:05,17,9,0,26
2023-04-25T22:51:29,17,9,0,26
2023-04-25T23:00:54,17,9,0,26
2023-04-25T23:10:21,17,9,0,26
2023-04-25T23:19:46,17,9,0,26
2023-04-25T23:29:11,17,9,0,26
2023-04-25T23:38:36,17,9,0,26
2023-04-25T23:48:00,17,9,0,26
2023-04-25T23:57:24,17,9,0,26
2023-04-26T00:07:04,17,9,0,26
2023-04-26T00:16:30,17,9,0,26
2023-04-26T00:25:58,17,9,0,26
2023-04-26T00:35:25,17,9,0,26
2023-04-26T00:44:54,17,9,0,26
2023-04-26T00:54:23,17,9,0,26
2023-04-26T01:03:51,17,9,0,26
2023-04-26T01:13:18,17,9,0,26
2023-04-26T01:22:45,17,9,0,26
2023-04-26T01:32:13,17,9,0,26
2023-04-26T01:41:40,17,9,0,26
2023-04-26T01:51:07,17,9,0,26
2023-04-26T02:00:33,17,9,0,26
2023-04-26T02:09:59,17,9,0,26
2023-04-26T02:19:24,17,9,0,26
2023-04-26T02:28:49,17,9,0,26
2023-04-26T02:38:14,17,9,0,26
2023-04-26T02:47:38,17,9,0,26
2023-04-26T02:57:14,17,9,0,26
2023-04-26T03:06:42,17,9,0,26
2023-04-26T03:16:11,17,9,0,26
2023-04-26T03:25:39,17,9,0,26
2023-04-26T03:35:07,17,9,0,26
2023-04-26T03:44:34,17,9,0,26
2023-04-26T03:54:02,17,9,0,26
2023-04-26T04:03:28,17,9,0,26
2023-04-26T04:18:00,17,9,0,26
2023-04-26T04:27:29,17,9,0,26
2023-04-26T04:36:56,17,9,0,26
2023-04-26T04:47:50,17,9,0,26
2023-04-26T04:57:17,17,9,0,26
2023-04-26T05:06:45,17,9,0,26
2023-04-26T05:16:13,17,9,0,26
2023-04-26T05:25:39,17,9,0,26
2023-04-26T05:35:07,17,9,0,26
2023-04-26T05:44:34,17,9,0,26
2023-04-26T05:54:03,17,9,0,26
2023-04-26T06:03:30,17,9,0,26
2023-04-26T06:12:56,17,9,0,26
2023-04-26T06:22:23,17,9,0,26
2023-04-26T06:31:48,17,9,0,26
2023-04-26T06:41:15,17,9,0,26
2023-04-26T06:50:41,17,9,0,26
2023-04-26T07:00:08,17,9,0,26
2023-04-26T07:09:34,17,9,0,26
2023-04-26T07:18:59,17,9,0,26
2023-04-26T07:28:26,17,9,0,26
2023-04-26T07:37:52,17,9,0,26
2023-04-26T07:47:18,17,9,0,26
2023-04-26T07:56:44,17,9,0,26
2023-04-26T08:06:09,17,9,0,26
2023-04-26T08:15:35,17,9,0,26
2023-04-26T08:25:00,17,9,0,26
2023-04-26T08:34:24,17,9,0,26
2023-04-26T08:43:48,17,9,0,26
2023-04-26T08:53:12,17,9,0,26
2023-04-26T09:02:36,17,9,0,26
2023-04-26T09:12:01,17,9,0,26
2023-04-26T09:21:25,17,9,0,26
2023-04-26T09:30:50,17,9,0,26
2023-04-26T09:40:14,17,9,0,26
2023-04-26T09:49:39,17,9,0,26
2023-04-26T09:59:03,17,9,0,26
2023-04-26T10:08:28,17,9,0,26
2023-04-26T10:17:52,17,9,0,26
2023-04-26T10:27:17,17,9,0,26
2023-04-26T10:36:41,17,9,0,26
2023-04-26T10:46:05,17,9,0,26
2023-04-26T10:55:30,17,9,0,26
2023-04-26T11:04:54,17,9,0,26
2023-04-26T11:14:19,17,9,0,26
2023-04-26T11:23:52,17,9,0,26
2023-04-26T11:33:16,17,9,0,26
2023-04-26T11:42:40,17,9,0,26
2023-04-26T11:52:04,17,9,0,26
2023-04-26T12:01:28,17,9,0,26
2023-04-26T12:10:52,17,9,0,26
2023-04-26T12:20:16,17,9,0,26
2023-04-26T12:29:41,17,9,0,26
2023-04-26T12:39:05,17,9,0,26
2023-04-26T12:48:30,17,9,0,26
2023-04-26T12:57:54,17,9,0,26
2023-04-26T13:07:18,17,9,0,26
2023-04-26T13:16:42,17,9,0,26
2023-04-26T13:26:06,17,9,0,26
2023-04-26T13:35:30,17,9,0,26
2023-04-26T13:45:04,17,9,0,26
2023-04-26T13:54:29,17,9,0,26
2023-04-26T14:03:54,17,9,0,26
2023-04-26T14:13:18,17,9,0,26
2023-04-26T14:22:43,17,9,0,26
2023-04-26T14:32:07,17,9,0,26
2023-04-26T14:41:31,17,9,0,26
2023-04-26T14:51:07,17,9,0,26
2023-04-26T15:00:31,17,9,0,26
2023-04-26T15:09:55,17,9,0,26
2023-04-26T15:19:20,17,9,0,26
2023-04-26T15:28:44,17,9,0,26
2023-04-26T15:38:09,17,9,0,26
2023-04-26T15:47:33,17,9,0,26
2023-04-26T15:56:57,17,9,0,26
2023-04-26T16:06:21,17,9,0,26
2023-04-26T16:15:46,17,9,0,26
2023-04-26T16:25:10,17,9,0,26
2023-04-26T16:34:44,17,9,0,26
2023-04-26T16:44:08,17,9,0,26
2023-04-26T16:53:32,17,9,0,26
2023-04-26T17:02:55,17,9,0,26
2023-04-26T17:12:20,17,9,0,26
2023-04-26T17:21:46,17,9,0,26
2023-04-26T17:31:10,17,9,0,26
2023-04-26T17:40:34,17,9,0,26
2023-04-26T17:49:58,17,9,0,26
2023-04-26T17:59:26,17,9,0,26
2023-04-26T18:08:50,17,9,0,26
2023-04-26T18:18:14,17,9,0,26
2023-04-26T18:27:38,17,9,0,26
2023-04-26T18:37:02,17,9,0,26
2023-04-26T18:46:26,17,9,0,26
2023-04-26T18:55:49,17,9,0,26
2023-04-26T19:05:13,17,9,0,26
2023-04-26T19:14:36,17,9,0,26
2023-04-26T19:24:00,17,9,0,26
2023-04-26T19:33:24,17,9,0,26
2023-04-26T19:42:48,17,9,0,26
2023-04-26T19:52:22,17,9,0,26
2023-04-26T20:01:45,17,9,0,26
2023-04-26T20:11:09,17,9,0,26
2023-04-26T20:20:33,17,9,0,26
2023-04-26T20:29:56,17,9,0,26
2023-04-26T20:39:20,17,9,0,26
2023-04-26T20:48:43,17,9,0,26
2023-04-26T20:58:06,17,9,0,26
2023-04-26T21:07:30,17,9,0,26
2023-04-26T21:16:53,17,9,0,26
2023-04-26T21:26:16,17,9,0,26
2023-04-26T21:35:40,17,9,0,26
2023-04-26T21:45:03,17,9,0,26
2023-04-26T21:54:27,17,9,0,26
2023-04-26T22:03:50,17,9,0,26
2023-04-26T22:13:13,17,9,0,26
2023-04-26T22:22:37,17,9,0,26
2023-04-26T22:32:01,17,9,0,26
2023-04-26T22:41:25,17,9,0,26
2023-04-26T22:50:48,17,9,0,26
2023-04-26T23:00:12,17,9,0,26
2023-04-26T23:09:38,17,9,0,26
2023-04-26T23:19:03,17,9,0,26
2023-04-26T23:28:27,17,9,0,26
2023-04-26T23:37:51,17,9,0,26
2023-04-26T23:47:14,17,9,0,26
2023-04-26T23:56:38,17,9,0,26
2023-04-27T00:06:03,17,9,0,26
2023-04-27T00:15:34,17,9,0,26
2023-04-27T00:25:00,17,9,0,26
2023-04-27T00:34:27,17,9,0,26
2023-04-27T00:43:55,17,9,0,26
2023-04-27T00:53:27,17,9,0,26
2023-04-27T01:02:57,17,9,0,26
2023-04-27T01:12:27,17,9,0,26
2023-04-27T01:21:59,17,9,0,26
2023-04-27T01:31:30,17,9,0,26
2023-04-27T01:41:02,17,9,0,26
2023-04-27T01:50:35,17,9,0,26
2023-04-27T02:00:07,17,9,0,26
2023-04-27T02:09:40,17,9,0,26
2023-04-27T02:19:12,17,9,0,26
2023-04-27T02:28:44,17,9,0,26
2023-04-27T02:38:14,17,9,0,26
2023-04-27T02:47:43,17,9,0,26
2023-04-27T02:57:09,17,9,0,26
2023-04-27T03:06:36,17,9,0,26
2023-04-27T03:16:02,17,9,0,26
2023-04-27T03:25:29,17,9,0,26
2023-04-27T03:34:58,17,9,0,26
2023-04-27T03:44:25,17,9,0,26
2023-04-27T03:53:53,17,9,0,26
2023-04-27T04:03:20,17,9,0,26
2023-04-27T04:12:48,17,9,0,26
2023-04-27T04:30:28,17,9,0,26
2023-04-27T04:40:18,17,9,0,26
2023-04-27T04:49:46,17,9,0,26
2023-04-27T04:59:14,17,9,0,26
2023-04-27T05:08:43,17,9,0,26
2023-04-27T05:18:10,17,9,0,26
2023-04-27T05:27:37,17,9,0,26
2023-04-27T05:37:06,17,9,0,26
2023-04-27T05:46:33,17,9,0,26
2023-04-27T05:55:59,17,9,0,26
2023-04-27T06:05:26,17,9,0,26
2023-04-27T06:14:53,17,9,0,26
2023-04-27T06:24:20,17,9,0,26
2023-04-27T06:33:46,17,9,0,26
2023-04-27T06:43:14,17,9,0,26
2023-04-27T06:52:40,17,9,0,26
2023-04-27T07:02:06,17,9,0,26
2023-04-27T07:11:32,17,9,0,26
2023-04-27T07:21:00,17,9,0,26
2023-04-27T07:30:26,17,9,0,26
2023-04-27T07:39:51,17,9,0,26
2023-04-27T07:49:17,17,9,0,26
2023-04-27T07:58:43,17,9,0,26
2023-04-27T08:08:10,17,9,0,26
2023-04-27T08:17:37,17,9,0,26
2023-04-27T08:27:06,17,9,0,26
2023-04-27T08:36:31,17,9,0,26
2023-04-27T08:45:58,17,9,0,26
2023-04-27T08:55:22,17,9,0,26
2023-04-27T09:04:47,17,9,0,26
2023-04-27T09:14:11,17,9,0,26
2023-04-27T09:23:36,17,9,0,26
2023-04-27T09:33:01,17,9,0,26
2023-04-27T09:42:25,17,9,0,26
2023-04-27T09:51:49,17,9,0,26
2023-04-27T10:01:14,17,9,0,26
2023-04-27T10:10:38,17,9,0,26
2023-04-27T10:20:03,17,9,0,26
2023-04-27T10:29:27,17,9,0,26
2023-04-27T10:38:52,17,9,0,26
2023-04-27T10:48:16,17,9,0,26
2023-04-27T10:57:41,17,9,0,26
2023-04-27T11:07:05,17,9,0,26
2023-04-27T11:16:31,17,9,0,26
2023-04-27T11:25:56,17,9,0,26
2023-04-27T11:35:20,17,9,0,26
2023-04-27T11:44:45,17,9,0,26
2023-04-27T11:54:10,17,9,0,26
2023-04-27T12:03:35,17,9,0,26
2023-04-27T12:13:00,17,9,0,26
2023-04-27T12:22:34,17,9,0,26
2023-04-27T12:31:59,17,9,0,26
2023-04-27T12:41:23,17,9,0,26
2023-04-27T12:50:49,17,9,0,26
2023-04-27T13:00:13,17,9,0,26
2023-04-27T13:09:38,17,9,0,26
2023-04-27T13:19:03,17,9,0,26
2023-04-27T13:28:28,17,9,0,26
2023-04-27T13:37:53,17,9,0,26
2023-04-27T13:47:18,17,9,0,26
2023-04-27T13:56:42,17,9,0,26
2023-04-27T14:06:07,17,9,0,26
2023-04-27T14:15:32,17,9,0,26
2023-04-27T14:24:56,17,9,0,26
2023-04-27T14:34:21,17,9,0,26
2023-04-27T14:43:46,17,9,0,26
2023-04-27T14:53:11,17,9,0,26
2023-04-27T15:02:37,17,9,0,26
2023-04-27T15:12:01,17,9,0,26
2023-04-27T15:21:26,17,9,0,26
2023-04-27T15:30:50,17,9,0,26
2023-04-27T15:40:14,17,9,0,26
2023-04-27T15:49:50,17,9,0,26
2023-04-27T15:59:14,17,9,0,26
2023-04-27T16:08:39,17,9,0,26
2023-04-27T16:18:04,17,9,0,26
2023-04-27T16:27:29,17,9,0,26
2023-04-27T16:36:53,17,9,0,26
2023-04-27T16:46:18,17,9,0,26
2023-04-27T16:55:42,17,9,0,26
2023-04-27T17:05:07,17,9,0,26
2023-04-27T17:14:33,17,9,0,26
2023-04-27T17:23:57,17,9,0,26
2023-04-27T17:33:22,17,9,0,26
2023-04-27T17:42:46,17,9,0,26
2023-04-27T17:52:10,17,9,0,26
2023-04-27T18:01:34,17,9,0,26
2023-04-27T18:11:02,17,9,0,26
2023-04-27T18:20:26,17,9,0,26
2023-04-27T18:29:50,17,9,0,26
2023-04-27T18:39:16,17,9,0,26
2023-04-27T18:48:40,17,9,0,26
2023-04-27T18:58:03,17,9,0,26
2023-04-27T19:07:27,17,9,0,26
2023-04-27T19:16:52,17,9,0,26
2023-04-27T19:26:16,17,9,0,26
2023-04-27T19:35:40,17,9,0,26
2023-04-27T19:45:05,17,9,0,26
2023-04-27T19:54:31,17,9,0,26
2023-04-27T20:03:54,17,9,0,26
2023-04-27T20:13:18,17,9,0,26
2023-04-27T20:22:41,17,9,0,26
2023-04-27T20:32:02,17,9,0,26
2023-04-27T20:41:23,17,9,0,26
2023-04-27T20:50:44,17,9,0,26
2023-04-27T21:00:05,17,9,0,26
2023-04-27T21:09:26,17,9,0,26
2023-04-27T21:18:46,17,9,0,26
2023-04-27T21:28:07,17,9,0,26
2023-04-27T21:37:27,17,9,0,26
2023-04-27T21:46:48,17,9,0,26
2023-04-27T21:56:15,17,9,0,26
2023-04-27T22:05:39,17,9,0,26
2023-04-27T22:15:04,17,9,0,26
2023-04-27T22:24:38,17,9,0,26
2023-04-27T22:34:02,17,9,0,26
2023-04-27T22:43:25,17,9,0,26
2023-04-27T22:52:49,17,9,0,26
2023-04-27T23:02:14,17,9,0,26
2023-04-27T23:11:39,17,9,0,26
2023-04-27T23:21:03,17,9,0,26
2023-04-27T23:30:28,17,9,0,26
2023-04-27T23:39:52,17,9,0,26
2023-04-27T23:49:16,17,9,0,26
2023-04-27T23:58:40,17,9,0,26
2023-04-28T00:08:05,17,9,0,26
2023-04-28T00:17:33,17,9,0,26
2023-04-28T00:26:59,17,9,0,26
2023-04-28T00:36:25,17,9,0,26
2023-04-28T00:45:52,17,9,0,26
2023-04-28T00:55:19,17,9,0,26
2023-04-28T01:04:48,17,9,0,26
2023-04-28T01:14:15,17,9,0,26
2023-04-28T01:23:42,17,9,0,26
2023-04-28T01:33:30,17,9,0,26
2023-04-28T01:42:56,17,9,0,26
2023-04-28T01:52:24,17,9,0,26
2023-04-28T02:01:50,17,9,0,26
2023-04-28T02:11:15,17,9,0,26
2023-04-28T02:20:39,17,9,0,26
2023-04-28T02:30:03,17,9,0,26
2023-04-28T02:39:41,17,9,0,26
2023-04-28T02:49:08,17,9,0,26
2023-04-28T02:58:35,17,9,0,26
2023-04-28T03:08:03,17,9,0,26
2023-04-28T03:17:30,17,9,0,26
2023-04-28T03:26:57,17,9,0,26
2023-04-28T03:36:24,17,9,0,26
2023-04-28T03:45:49,17,9,0,26
2023-04-28T03:55:15,17,9,0,26
2023-04-28T04:04:42,17,9,0,26
2023-04-28T04:16:29,17,9,0,26
2023-04-28T04:30:18,17,9,0,26
2023-04-28T04:40:07,17,9,0,26
2023-04-28T04:49:35,17,9,0,26
2023-04-28T04:59:03,17,9,0,26
2023-04-28T05:08:31,17,9,0,26
2023-04-28T05:17:58,17,9,0,26
2023-04-28T05:27:34,17,9,0,26
2023-04-28T05:37:35,17,9,0,26
2023-04-28T05:47:03,17,9,0,26
2023-04-28T05:56:29,17,9,0,26
2023-04-28T06:05:55,17,9,0,26
2023-04-28T06:15:22,17,9,0,26
2023-04-28T06:24:49,17,9,0,26
2023-04-28T06:34:14,17,9,0,26
2023-04-28T06:43:43,17,9,0,26
2023-04-28T06:53:08,17,9,0,26
2023-04-28T07:02:34,17,9,0,26
2023-04-28T07:12:01,17,9,0,26
2023-04-28T07:21:28,17,9,0,26
2023-04-28T07:30:54,17,9,0,26
2023-04-28T07:40:19,17,9,0,26
2023-04-28T07:49:43,17,9,0,26
2023-04-28T07:59:08,17,9,0,26
2023-04-28T08:08:32,17,9,0,26
2023-04-28T08:17:56,17,9,0,26
2023-04-28T08:27:21,17,9,0,26
2023-04-28T08:36:45,17,9,0,26
2023-04-28T08:46:12,17,9,0,26
2023-04-28T08:55:36,17,9,0,26
2023-04-28T09:05:01,17,9,0,26
2023-04-28T09:14:25,17,9,0,26
2023-04-28T09:23:50,17,9,0,26
2023-04-28T09:33:15,17,9,0,26
2023-04-28T09:42:39,17,9,0,26
2023-04-28T09:52:04,17,9,0,26
2023-04-28T10:01:28,17,9,0,26
2023-04-28T10:10:53,17,9,0,26
2023-04-28T10:20:18,17,9,0,26
2023-04-28T10:29:42,17,9,0,26
2023-04-28T10:39:07,17,9,0,26
2023-04-28T10:48:32,17,9,0,26
2023-04-28T10:58:06,17,9,0,26
2023-04-28T11:07:30,17,9,0,26
2023-04-28T11:16:54,17,9,0,26
2023-04-28T11:26:19,17,9,0,26
2023-04-28T11:35:44,17,9,0,26
2023-04-28T11:45:21,17,9,0,26
2023-04-28T11:54:46,17,9,0,26
2023-04-28T12:04:10,17,9,0,26
2023-04-28T12:13:35,17,9,0,26
2023-04-28T12:22:59,17,9,0,26
2023-04-28T12:32:23,17,9,0,26
2023-04-28T12:41:47,17,9,0,26
2023-04-28T12:51:10,17,9,0,26
2023-04-28T13:00:34,17,9,0,26
2023-04-28T13:11:48,17,9,0,26
2023-04-28T13:21:12,17,9,0,26
2023-04-28T13:30:36,17,9,0,26
2023-04-28T13:40:00,17,9,0,26
2023-04-28T13:49:24,17,9,0,26
2023-04-28T13:58:49,17,9,0,26
2023-04-28T14:08:13,17,9,0,26
2023-04-28T14:17:37,17,9,0,26
2023-04-28T14:27:11,17,9,0,26
2023-04-28T14:36:37,17,9,0,26
2023-04-28T14:46:02,17,9,0,26
2023-04-28T14:55:27,17,9,0,26
2023-04-28T15:04:52,17,9,0,26
2023-04-28T15:14:18,17,9,0,26
2023-04-28T15:23:43,17,9,0,26
2023-04-28T15:33:18,17,9,0,26
2023-04-28T15:42:42,17,9,0,26
2023-04-28T15:52:06,17,9,0,26
2023-04-28T16:01:31,17,9,0,26
2023-04-28T16:10:55,17,9,0,26
2023-04-28T16:20:19,17,9,0,26
2023-04-28T16:29:42,17,9,0,26
2023-04-28T16:39:06,17,9,0,26
2023-04-28T16:48:39,17,9,0,26
2023-04-28T16:58:03,17,9,0,26
2023-04-28T17:07:27,17,9,0,26
2023-04-28T17:16:53,17,9,0,26
2023-04-28T17:26:22,17,9,0,26
2023-04-28T17:35:46,17,9,0,26
2023-04-28T17:45:10,17,9,0,26
2023-04-28T17:55:20,17,9,0,26
2023-04-28T18:05:04,17,9,0,26
2023-04-28T18:14:27,17,9,0,26
2023-04-28T18:23:51,17,9,0,26
2023-04-28T18:33:15,17,9,0,26
2023-04-28T18:42:39,17,9,0,26
2023-04-28T18:52:02,17,9,0,26
2023-04-28T19:01:27,17,9,0,26
2023-04-28T19:10:50,17,9,0,26
2023-04-28T19:20:14,17,9,0,26
2023-04-28T19:29:37,17,9,0,26
2023-04-28T19:39:01,17,9,0,26
2023-04-28T19:48:26,17,9,0,26
2023-04-28T19:58:00,17,9,0,26
2023-04-28T20:07:23,17,9,0,26
2023-04-28T20:16:47,17,9,0,26
2023-04-28T20:26:11,17,9,0,26
2023-04-28T20:35:36,17,9,0,26
2023-04-28T20:45:00,17,9,0,26
2023-04-28T20:54:24,17,9,0,26
2023-04-28T21:03:48,17,9,0,26
2023-04-28T21:13:12,17,9,0,26
2023-04-28T21:22:36,17,9,0,26
2023-04-28T21:31:59,17,9,0,26
2023-04-28T21:41:23,17,9,0,26
2023-04-28T21:50:59,17,9,0,26
2023-04-28T22:00:22,17,9,0,26
2023-04-28T22:09:45,17,9,0,26
2023-04-28T22:19:08,17,9,0,26
2023-04-28T22:28:31,17,9,0,26
2023-04-28T22:37:54,17,9,0,26
2023-04-28T22:47:17,17,9,0,26
2023-04-28T22:56:40,17,9,0,26
2023-04-28T23:06:06,17,9,0,26
2023-04-28T23:15:30,17,9,0,26
2023-04-28T23:24:55,17,9,0,26
2023-04-28T23:34:19,17,9,0,26
2023-04-28T23:43:43,17,9,0,26
2023-04-28T23:54:19,17,9,0,26
2023-04-29T00:03:45,17,9,0,26
2023-04-29T00:13:11,17,9,0,26
2023-04-29T00:22:38,17,9,0,26
2023-04-29T00:32:14,17,9,0,26
2023-04-29T00:41:40,17,9,0,26
2023-04-29T00:51:08,17,9,0,26
2023-04-29T01:00:37,17,9,0,26
2023-04-29T01:10:20,17,9,0,26
2023-04-29T01:19:47,17,9,0,26
2023-04-29T01:29:14,17,9,0,26
2023-04-29T01:38:41,17,9,0,26
2023-04-29T01:48:08,17,9,0,26
2023-04-29T01:57:33,17,9,0,26
2023-04-29T02:06:58,17,9,0,26
2023-04-29T02:16:24,17,9,0,26
2023-04-29T02:25:48,17,9,0,26
2023-04-29T02:35:13,17,9,0,26
2023-04-29T02:44:36,17,9,0,26
2023-04-29T02:53:59,17,9,0,26
2023-04-29T03:03:22,17,9,0,26
2023-04-29T03:12:47,17,9,0,26
2023-04-29T03:22:12,17,9,0,26
2023-04-29T03:31:38,17,9,0,26
2023-04-29T03:41:04,17,9,0,26
2023-04-29T03:50:29,17,9,0,26
2023-04-29T03:59:55,17,9,0,26
2023-04-29T04:20:20,17,9,0,26
2023-04-29T04:30:07,17,9,0,26
2023-04-29T04:39:38,17,9,0,26
2023-04-29T04:49:07,17,9,0,26
2023-04-29T04:58:37,17,9,0,26
2023-04-29T05:08:05,17,9,0,26
2023-04-29T05:17:33,17,9,0,26
2023-04-29T05:27:01,17,9,0,26
2023-04-29T05:36:28,17,9,0,26
2023-04-29T05:45:58,17,9,0,26
2023-04-29T05:55:25,17,9,0,26
2023-04-29T06:04:53,17,9,0,26
2023-04-29T06:14:19,17,9,0,26
2023-04-29T06:23:47,17,9,0,26
2023-04-29T06:33:15,17,9,0,26
2023-04-29T06:42:43,17,9,0,26
2023-04-29T06:52:10,17,9,0,26
2023-04-29T07:01:38,17,9,0,26
2023-04-29T07:11:06,17,9,0,26
2023-04-29T07:20:33,17,9,0,26
2023-04-29T07:30:00,17,9,0,26
2023-04-29T07:39:27,17,9,0,26
2023-04-29T07:48:55,17,9,0,26
2023-04-29T07:58:22,17,9,0,26
2023-04-29T08:07:49,17,9,0,26
2023-04-29T08:17:17,17,9,0,26
2023-04-29T08:26:44,17,9,0,26
2023-04-29T08:36:12,17,9,0,26
2023-04-29T08:45:41,17,9,0,26
2023-04-29T08:55:08,17,9,0,26
2023-04-29T09:04:35,17,9,0,26
2023-04-29T09:14:02,17,9,0,26
2023-04-29T09:23:30,17,9,0,26
2023-04-29T09:32:58,17,9,0,26
2023-04-29T09:42:25,17,9,0,26
2023-04-29T09:51:52,17,9,0,26
2023-04-29T10:01:22,17,9,0,26
2023-04-29T10:10:48,17,9,0,26
2023-04-29T10:20:14,17,9,0,26
2023-04-29T10:29:40,17,9,0,26
2023-04-29T10:39:05,17,9,0,26
2023-04-29T10:48:31,17,9,0,26
2023-04-29T10:57:57,17,9,0,26
2023-04-29T11:07:22,17,9,0,26
2023-04-29T11:16:48,17,9,0,26
2023-04-29T11:26:13,17,9,0,26
2023-04-29T11:35:37,17,9,0,26
2023-04-29T11:45:02,17,9,0,26
2023-04-29T11:54:27,17,9,0,26
2023-04-29T12:03:52,17,9,0,26
2023-04-29T12:13:18,17,9,0,26
2023-04-29T12:22:43,17,9,0,26
2023-04-29T12:32:08,17,9,0,26
2023-04-29T12:41:32,17,9,0,26
2023-04-29T12:50:56,17,9,0,26
2023-04-29T13:00:20,17,9,0,26
2023-04-29T13:09:45,17,9,0,26
2023-04-29T13:19:10,17,9,0,26
2023-04-29T13:28:35,17,9,0,26
2023-04-29T13:38:00,17,9,0,26
2023-04-29T13:47:24,17,9,0,26
2023-04-29T13:56:49,17,9,0,26
2023-04-29T14:06:13,17,9,0,26
2023-04-29T14:15:53,17,9,0,26
2023-04-29T14:25:18,17,9,0,26
2023-04-29T14:34:43,17,9,0,26
2023-04-29T14:44:08,17,9,0,26
2023-04-29T14:53:47,17,9,0,26
2023-04-29T15:03:27,17,9,0,26
2023-04-29T15:12:52,17,9,0,26
2023-04-29T15:22:17,17,9,0,26
2023-04-29T15:31:42,17,9,0,26
2023-04-29T15:41:07,17,9,0,26
2023-04-29T15:50:32,17,9,0,26
2023-04-29T15:59:56,17,9,0,26
2023-04-29T16:09:21,17,9,0,26
2023-04-29T16:18:46,17,9,0,26
2023-04-29T16:28:11,17,9,0,26
2023-04-29T16:37:35,17,9,0,26
2023-04-29T16:47:00,17,9,0,26
2023-04-29T16:56:24,17,9,0,26
2023-04-29T17:05:50,17,9,0,26
2023-04-29T17:15:16,17,9,0,26
2023-04-29T17:24:40,17,9,0,26
2023-04-29T17:34:05,17,9,0,26
2023-04-29T17:43:30,17,9,0,26
2023-04-29T17:52:54,17,9,0,26
2023-04-29T18:02:19,17,9,0,26
2023-04-29T18:11:44,17,9,0,26
2023-04-29T18:21:09,17,9,0,26
2023-04-29T18:30:34,17,9,0,26
2023-04-29T18:39:58,17,9,0,26
2023-04-29T18:49:23,17,9,0,26
2023-04-29T18:58:58,17,9,0,26
2023-04-29T19:08:24,17,9,0,26
2023-04-29T19:17:49,17,9,0,26
2023-04-29T19:27:14,17,9,0,26
2023-04-29T19:36:38,17,9,0,26
2023-04-29T19:46:03,17,9,0,26
2023-04-29T19:55:27,17,9,0,26
2023-04-29T20:04:52,17,9,0,26
2023-04-29T20:14:17,17,9,0,26
2023-04-29T20:23:42,17,9,0,26
2023-04-29T20:33:07,17,9,0,26
2023-04-29T20:42:31,17,9,0,26
2023-04-29T20:51:56,17,9,0,26
2023-04-29T21:01:21,17,9,0,26
2023-04-29T21:10:46,17,9,0,26
2023-04-29T21:20:11,17,9,0,26
2023-04-29T21:29:59,17,9,0,26
2023-04-29T21:39:28,17,9,0,26
2023-04-29T21:48:53,17,9,0,26
2023-04-29T21:58:18,17,9,0,26
2023-04-29T22:07:52,17,9,0,26
2023-04-29T22:17:17,17,9,0,26
2023-04-29T22:26:43,17,9,0,26
2023-04-29T22:36:07,17,9,0,26
2023-04-29T22:45:32,17,9,0,26
2023-04-29T22:54:57,17,9,0,26
2023-04-29T23:04:22,17,9,0,26
2023-04-29T23:13:48,17,9,0,26
2023-04-29T23:23:14,17,9,0,26
2023-04-29T23:32:40,17,9,0,26
2023-04-29T23:42:05,17,9,0,26
2023-04-29T23:51:31,17,9,0,26
2023-04-30T00:00:56,17,9,0,26
2023-04-30T00:10:22,17,9,0,26
2023-04-30T00:20:02,17,9,0,26
2023-04-30T00:29:29,17,9,0,26
2023-04-30T00:38:58,17,9,0,26
2023-04-30T00:48:29,17,9,0,26
2023-04-30T00:57:57,17,9,0,26
2023-04-30T01:07:24,17,9,0,26
2023-04-30T01:17:17,17,9,0,26
2023-04-30T01:26:43,17,9,0,26
2023-04-30T01:36:11,17,9,0,26
2023-04-30T01:45:38,17,9,0,26
2023-04-30T01:55:07,17,9,0,26
2023-04-30T02:04:36,17,9,0,26
2023-04-30T02:14:12,17,9,0,26
2023-04-30T02:23:38,17,9,0,26
2023-04-30T02:33:06,17,9,0,26
2023-04-30T02:42:32,17,9,0,26
2023-04-30T02:52:00,17,9,0,26
2023-04-30T03:01:26,17,9,0,26
2023-04-30T03:10:53,17,9,0,26
2023-04-30T03:20:21,17,9,0,26
2023-04-30T03:29:49,17,9,0,26
2023-04-30T03:39:16,17,9,0,26
2023-04-30T03:48:44,17,9,0,26
2023-04-30T03:58:12,17,9,0,26
2023-04-30T04:17:08,17,9,0,26
2023-04-30T04:26:37,17,9,0,26
2023-04-30T04:38:45,17,9,0,26
2023-04-30T04:48:31,17,9,0,26
2023-04-30T04:57:58,17,9,0,26
2023-04-30T05:07:25,17,9,0,26
2023-04-30T05:16:53,17,9,0,26
2023-04-30T05:26:22,17,9,0,26
2023-04-30T05:35:51,17,9,0,26
2023-04-30T05:45:19,17,9,0,26
2023-04-30T05:54:46,17,9,0,26
2023-04-30T06:04:43,17,9,0,26
2023-04-30T06:15:08,17,9,0,26
2023-04-30T06:24:35,17,9,0,26
2023-04-30T06:34:02,17,9,0,26
2023-04-30T06:43:28,17,9,0,26
2023-04-30T06:52:54,17,9,0,26
2023-04-30T07:02:21,17,9,0,26
2023-04-30T07:11:45,17,9,0,26
2023-04-30T07:21:09,17,9,0,26
2023-04-30T07:30:34,17,9,0,26
2023-04-30T07:39:59,17,9,0,26
2023-04-30T07:49:23,17,9,0,26
2023-04-30T07:58:49,17,9,0,26
2023-04-30T08:08:15,17,9,0,26
2023-04-30T08:17:39,17,9,0,26
2023-04-30T08:27:04,17,9,0,26
2023-04-30T08:36:59,17,9,0,26
2023-04-30T08:48:16,17,9,0,26
2023-04-30T08:57:41,17,9,0,26
2023-04-30T09:07:06,17,9,0,26
2023-04-30T09:16:30,17,9,0,26
2023-04-30T09:25:56,17,9,0,26
2023-04-30T09:35:21,17,9,0,26
2023-04-30T09:44:45,17,9,0,26
2023-04-30T09:54:32,17,9,0,26
2023-04-30T10:03:56,17,9,0,26
2023-04-30T10:13:21,17,9,0,26
2023-04-30T10:23:09,17,9,0,26
2023-04-30T10:32:33,17,9,0,26
2023-04-30T10:41:58,17,9,0,26
2023-04-30T10:51:23,17,9,0,26
2023-04-30T11:00:57,17,9,0,26
2023-04-30T11:10:21,17,9,0,26
2023-04-30T11:19:46,17,9,0,26
2023-04-30T11:29:11,17,9,0,26
2023-04-30T11:39:48,17,9,0,26
2023-04-30T11:49:14,17,9,0,26
2023-04-30T11:58:47,17,9,0,26
2023-04-30T12:08:12,17,9,0,26
2023-04-30T12:17:37,17,9,0,26
2023-04-30T12:27:01,17,9,0,26
2023-04-30T12:36:26,17,9,0,26
2023-04-30T12:45:51,17,9,0,26
2023-04-30T12:55:15,17,9,0,26
2023-04-30T13:04:40,17,9,0,26
2023-04-30T13:14:05,17,9,0,26
2023-04-30T13:24:22,17,9,0,26
2023-04-30T13:34:15,17,9,0,26
2023-04-30T13:43:39,17,9,0,26
2023-04-30T13:53:03,17,9,0,26
2023-04-30T14:02:50,17,9,0,26
2023-04-30T14:12:16,17,9,0,26
2023-04-30T14:21:40,17,9,0,26
2023-04-30T14:31:05,17,9,0,26
2023-04-30T14:40:29,17,9,0,26
2023-04-30T14:49:54,17,9,0,26
2023-04-30T14:59:19,17,9,0,26
2023-04-30T15:10:10,17,9,0,26
2023-04-30T15:19:53,17,9,0,26
2023-04-30T15:29:17,17,9,0,26
2023-04-30T15:38:47,17,9,0,26
2023-04-30T15:48:11,17,9,0,26
2023-04-30T15:57:35,17,9,0,26
2023-04-30T16:06:59,17,9,0,26
2023-04-30T16:16:24,17,9,0,26
2023-04-30T16:25:49,17,9,0,26
2023-04-30T16:35:14,17,9,0,26
2023-04-30T16:44:38,17,9,0,26
2023-04-30T16:54:03,17,9,0,26
2023-04-30T17:03:27,17,9,0,26
2023-04-30T17:12:52,17,9,0,26
2023-04-30T17:22:17,17,9,0,26
2023-04-30T17:31:42,17,9,0,26
2023-04-30T17:41:06,17,9,0,26
2023-04-30T17:50:30,17,9,0,26
2023-04-30T17:59:55,17,9,0,26
2023-04-30T18:09:19,17,9,0,26
2023-04-30T18:18:43,17,9,0,26
2023-04-30T18:28:08,17,9,0,26
2023-04-30T18:37:43,17,9,0,26
2023-04-30T18:47:07,17,9,0,26
2023-04-30T18:56:32,17,9,0,26
2023-04-30T19:05:57,17,9,0,26
2023-04-30T19:15:22,17,9,0,26
2023-04-30T19:24:47,17,9,0,26
2023-04-30T19:34:11,17,9,0,26
2023-04-30T19:43:35,17,9,0,26
2023-04-30T19:52:59,17,9,0,26
2023-04-30T20:02:24,17,9,0,26
2023-04-30T20:11:48,17,9,0,26
2023-04-30T20:21:13,17,9,0,26
2023-04-30T20:30:37,17,9,0,26
2023-04-30T20:40:25,17,9,0,26
2023-04-30T20:49:49,17,9,0,26
2023-04-30T20:59:14,17,9,0,26
2023-04-30T21:08:38,17,9,0,26
2023-04-30T21:18:02,17,9,0,26
2023-04-30T21:27:27,17,9,0,26
2023-04-30T21:36:51,17,9,0,26
2023-04-30T21:46:16,17,9,0,26
2023-04-30T21:55:40,17,9,0,26
2023-04-30T22:05:03,17,9,0,26
2023-04-30T22:14:27,17,9,0,26
2023-04-30T22:23:51,17,9,0,26
2023-04-30T22:33:15,17,9,0,26
2023-04-30T22:42:39,17,9,0,26
2023-04-30T22:52:04,17,9,0,26
2023-04-30T23:01:29,17,9,0,26
2023-04-30T23:10:54,17,9,0,26
2023-04-30T23:20:19,17,9,0,26
2023-04-30T23:29:55,17,9,0,26
2023-04-30T23:39:20,17,9,0,26
2023-04-30T23:48:46,17,9,0,26
2023-04-30T23:58:11,17,9,0,26
2023-05-01T00:07:38,17,9,0,26
2023-05-01T00:17:03,17,9,0,26
2023-05-01T00:26:29,17,9,0,26
2023-05-01T00:36:00,17,9,0,26
2023-05-01T00:45:51,17,9,0,26
2023-05-01T00:55:41,17,9,0,26
2023-05-01T01:05:15,17,9,0,26
2023-05-01T01:14:43,17,9,0,26
2023-05-01T01:24:08,17,9,0,26
2023-05-01T01:33:33,17,9,0,26
2023-05-01T01:42:57,17,9,0,26
2023-05-01T01:52:23,17,9,0,26
2023-05-01T02:01:49,17,9,0,26
2023-05-01T02:11:14,17,9,0,26
2023-05-01T02:20:38,17,9,0,26
2023-05-01T02:30:03,17,9,0,26
2023-05-01T02:39:27,17,9,0,26
2023-05-01T02:48:50,17,9,0,26
2023-05-01T02:58:14,17,9,0,26
2023-05-01T03:07:39,17,9,0,26
2023-05-01T03:17:33,17,9,0,26
2023-05-01T03:26:59,17,9,0,26
2023-05-01T03:36:25,17,9,0,26
2023-05-01T03:45:51,17,9,0,26
2023-05-01T03:55:16,17,9,0,26
2023-05-01T04:04:42,17,9,0,26
2023-05-01T04:16:49,17,9,0,26
2023-05-01T04:27:30,17,9,0,26
2023-05-01T04:37:16,17,9,0,26
2023-05-01T04:46:43,17,9,0,26
2023-05-01T04:56:10,17,9,0,26
2023-05-01T05:05:37,17,9,0,26
2023-05-01T05:15:02,17,9,0,26
2023-05-01T05:24:27,17,9,0,26
2023-05-01T05:33:52,17,9,0,26
2023-05-01T05:43:16,17,9,0,26
2023-05-01T05:52:41,17,9,0,26
2023-05-01T06:02:06,17,9,0,26
2023-05-01T06:11:34,17,9,0,26
2023-05-01T06:21:04,17,9,0,26
2023-05-01T06:30:36,17,9,0,26
2023-05-01T06:40:16,17,9,0,26
2023-05-01T06:49:44,17,9,0,26
2023-05-01T06:59:13,17,9,0,26
2023-05-01T07:08:42,17,9,0,26
2023-05-01T07:18:10,17,9,0,26
2023-05-01T07:27:37,17,9,0,26
2023-05-01T07:37:04,17,9,0,26
2023-05-01T07:46:32,17,9,0,26
2023-05-01T07:55:59,17,9,0,26
2023-05-01T08:05:25,17,9,0,26
2023-05-01T08:14:55,17,9,0,26
2023-05-01T08:24:21,17,9,0,26
2023-05-01T08:33:46,17,9,0,26
2023-05-01T08:43:12,17,9,0,26
2023-05-01T08:52:39,17,9,0,26
2023-05-01T09:02:06,17,9,0,26
2023-05-01T09:11:34,17,9,0,26
2023-05-01T09:21:01,17,9,0,26
2023-05-01T09:30:39,17,9,0,26
2023-05-01T09:40:06,17,9,0,26
2023-05-01T09:49:32,17,9,0,26
2023-05-01T09:59:00,17,9,0,26
2023-05-01T10:08:29,17,9,0,26
2023-05-01T10:17:56,17,9,0,26
2023-05-01T10:27:22,17,9,0,26
2023-05-01T10:37:02,17,9,0,26
2023-05-01T10:46:29,17,9,0,26
2023-05-01T10:55:56,17,9,0,26
2023-05-01T11:05:23,17,9,0,26
2023-05-01T11:14:51,17,9,0,26
2023-05-01T11:24:17,17,9,0,26
2023-05-01T11:33:45,17,9,0,26
2023-05-01T11:43:11,17,9,0,26
2023-05-01T11:52:37,17,9,0,26
2023-05-01T12:02:03,17,9,0,26
2023-05-01T12:11:29,17,9,0,26
2023-05-01T12:21:05,17,9,0,26
2023-05-01T12:30:30,17,9,0,26
2023-05-01T12:39:56,17,9,0,26
2023-05-01T12:49:21,17,9,0,26
2023-05-01T12:58:46,17,9,0,26
2023-05-01T13:08:11,17,9,0,26
2023-05-01T13:17:36,17,9,0,26
2023-05-01T13:27:01,17,9,0,26
2023-05-01T13:36:27,17,9,0,26
2023-05-01T13:45:55,17,9,0,26
2023-05-01T13:55:20,17,9,0,26
2023-05-01T14:04:45,17,9,0,26
2023-05-01T14:14:11,17,9,0,26
2023-05-01T14:23:47,17,9,0,26
2023-05-01T14:33:13,17,9,0,26
2023-05-01T14:42:38,17,9,0,26
2023-05-01T14:52:04,17,9,0,26
2023-05-01T15:01:30,17,9,0,26
2023-05-01T15:10:55,17,9,0,26
2023-05-01T15:20:21,17,9,0,26
2023-05-01T15:29:47,17,9,0,26
2023-05-01T15:39:13,17,9,0,26
2023-05-01T15:48:39,17,9,0,26
2023-05-01T15:58:05,17,9,0,26
2023-05-01T16:07:30,17,9,0,26
2023-05-01T16:16:56,17,9,0,26
2023-05-01T16:26:33,17,9,0,26
2023-05-01T16:35:59,17,9,0,26
2023-05-01T16:45:24,17,9,0,26
2023-05-01T16:54:49,17,9,0,26
2023-05-01T17:04:15,17,9,0,26
2023-05-01T17:13:43,17,9,0,26
2023-05-01T17:23:09,17,9,0,26
2023-05-01T17:32:34,17,9,0,26
2023-05-01T17:42:11,17,9,0,26
2023-05-01T17:51:36,17,9,0,26
2023-05-01T18:01:02,17,9,0,26
2023-05-01T18:10:27,17,9,0,26
2023-05-01T18:19:52,17,9,0,26
2023-05-01T18:29:18,17,9,0,26
2023-05-01T18:38:45,17,9,0,26
2023-05-01T18:48:11,17,9,0,26
2023-05-01T18:57:36,17,9,0,26
2023-05-01T19:07:03,17,9,0,26
2023-05-01T19:16:29,17,9,0,26
2023-05-01T19:25:54,17,9,0,26
2023-05-01T19:35:29,17,9,0,26
2023-05-01T19:44:55,17,9,0,26
2023-05-01T19:54:20,17,9,0,26
2023-05-01T20:03:46,17,9,0,26
2023-05-01T20:13:11,17,9,0,26
2023-05-01T20:22:37,17,9,0,26
2023-05-01T20:32:21,17,9,0,26
2023-05-01T20:41:46,17,9,0,26
2023-05-01T20:51:11,17,9,0,26
2023-05-01T21:00:46,17,9,0,26
2023-05-01T21:10:12,17,9,0,26
2023-05-01T21:19:37,17,9,0,26
2023-05-01T21:29:02,17,9,0,26
2023-05-01T21:38:27,17,9,0,26
2023-05-01T21:47:52,17,9,0,26
2023-05-01T21:57:16,17,9,0,26
2023-05-01T22:06:40,17,9,0,26
2023-05-01T22:16:06,17,9,0,26
2023-05-01T22:25:31,17,9,0,26
2023-05-01T22:34:56,17,9,0,26
2023-05-01T22:44:22,17,9,0,26
2023-05-01T22:53:48,17,9,0,26
2023-05-01T23:03:13,17,9,0,26
2023-05-01T23:12:39,17,9,0,26
2023-05-01T23:22:05,17,9,0,26
2023-05-01T23:31:30,17,9,0,26
2023-05-01T23:40:56,17,9,0,26
2023-05-01T23:50:22,17,9,0,26
2023-05-01T23:59:58,17,9,0,26
2023-05-02T00:09:25,17,9,0,26
2023-05-02T00:18:51,17,9,0,26
2023-05-02T00:28:18,17,9,0,26
2023-05-02T00:37:48,17,9,0,26
2023-05-02T00:47:16,17,9,0,26
2023-05-02T00:56:58,17,9,0,26
2023-05-02T01:06:26,17,9,0,26
2023-05-02T01:15:53,17,9,0,26
2023-05-02T01:25:19,17,9,0,26
2023-05-02T01:34:56,17,9,0,26
2023-05-02T01:44:24,17,9,0,26
2023-05-02T01:53:52,17,9,0,26
2023-05-02T02:03:18,17,9,0,26
2023-05-02T02:12:56,17,9,0,26
2023-05-02T02:22:22,17,9,0,26
2023-05-02T02:31:49,17,9,0,26
2023-05-02T02:41:26,17,9,0,26
2023-05-02T02:50:51,17,9,0,26
2023-05-02T03:00:17,17,9,0,26
2023-05-02T03:09:45,17,9,0,26
2023-05-02T03:19:12,17,9,0,26
2023-05-02T03:28:40,17,9,0,26
2023-05-02T03:38:07,17,9,0,26
2023-05-02T03:47:36,17,9,0,26
2023-05-02T03:57:05,17,9,0,26
2023-05-02T04:06:35,17,9,0,26
2023-05-02T04:29:06,17,9,0,26
2023-05-02T04:39:00,17,9,0,26
2023-05-02T04:48:30,17,9,0,26
2023-05-02T04:58:00,17,9,0,26
2023-05-02T05:07:27,17,9,0,26
2023-05-02T05:16:54,17,9,0,26
2023-05-02T05:26:23,17,9,0,26
2023-05-02T05:35:51,17,9,0,26
2023-05-02T05:45:20,17,9,0,26
2023-05-02T05:54:48,17,9,0,26
2023-05-02T06:04:15,17,9,0,26
2023-05-02T06:13:42,17,9,0,26
2023-05-02T06:23:10,17,9,0,26
2023-05-02T06:32:38,17,9,0,26
2023-05-02T06:42:06,17,9,0,26
2023-05-02T06:51:35,17,9,0,26
2023-05-02T07:01:04,17,9,0,26
2023-05-02T07:10:35,17,9,0,26
2023-05-02T07:20:04,17,9,0,26
2023-05-02T07:29:32,17,9,0,26
2023-05-02T07:38:58,17,9,0,26
2023-05-02T07:48:35,17,9,0,26
2023-05-02T07:58:02,17,9,0,26
2023-05-02T08:07:39,17,9,0,26
2023-05-02T08:17:05,17,9,0,26
2023-05-02T08:26:32,17,9,0,26
2023-05-02T08:36:00,17,9,0,26
2023-05-02T08:45:26,17,9,0,26
2023-05-02T08:54:52,17,9,0,26
2023-05-02T09:04:18,17,9,0,26
2023-05-02T09:13:45,17,9,0,26
2023-05-02T09:23:11,17,9,0,26
2023-05-02T09:32:38,17,9,0,26
2023-05-02T09:42:04,17,9,0,26
2023-05-02T09:51:30,17,9,0,26
2023-05-02T10:01:08,17,9,0,26
2023-05-02T10:10:35,17,9,0,26
2023-05-02T10:20:15,17,9,0,26
2023-05-02T10:29:41,17,9,0,26
2023-05-02T10:39:16,17,9,0,26
2023-05-02T10:48:43,17,9,0,26
2023-05-02T10:58:10,17,9,0,26
2023-05-02T11:07:38,17,9,0,26
2023-05-02T11:17:05,17,9,0,26
2023-05-02T11:26:32,17,9,0,26
2023-05-02T11:35:59,17,9,0,26
2023-05-02T11:45:25,17,9,0,26
2023-05-02T11:54:52,17,9,0,26
2023-05-02T12:04:18,17,9,0,26
2023-05-02T12:13:55,17,9,0,26
2023-05-02T12:23:22,17,9,0,26
2023-05-02T12:33:00,17,9,0,26
2023-05-02T12:42:26,17,9,0,26
2023-05-02T12:51:53,17,9,0,26
2023-05-02T13:01:20,17,9,0,26
2023-05-02T13:10:48,17,9,0,26
2023-05-02T13:20:15,17,9,0,26
2023-05-02T13:29:42,17,9,0,26
2023-05-02T13:39:09,17,9,0,26
2023-05-02T13:48:47,17,9,0,26
2023-05-02T13:58:15,17,9,0,26
2023-05-02T14:07:43,17,9,0,26
2023-05-02T14:17:11,17,9,0,26
2023-05-02T14:26:39,17,9,0,26
2023-05-02T14:36:06,17,9,0,26
2023-05-02T14:45:34,17,9,0,26
2023-05-02T14:55:01,17,9,0,26
2023-05-02T15:04:29,17,9,0,26
2023-05-02T15:13:56,17,9,0,26
2023-05-02T15:23:23,17,9,0,26
2023-05-02T15:33:02,17,9,0,26
2023-05-02T15:42:30,17,9,0,26
2023-05-02T15:51:59,17,9,0,26
2023-05-02T16:01:26,17,9,0,26
2023-05-02T16:10:53,17,9,0,26
2023-05-02T16:20:20,17,9,0,26
2023-05-02T16:29:48,17,9,0,26
2023-05-02T16:39:16,17,9,0,26
2023-05-02T16:48:43,17,9,0,26
2023-05-02T16:58:10,17,9,0,26
2023-05-02T17:12:58,17,9,0,26
2023-05-02T17:22:24,17,9,0,26
2023-05-02T17:31:49,17,9,0,26
2023-05-02T17:41:14,17,9,0,26
2023-05-02T17:50:39,17,9,0,26
2023-05-02T18:00:15,17,9,0,26
2023-05-02T18:09:41,17,9,0,26
2023-05-02T18:19:06,17,9,0,26
2023-05-02T18:28:33,17,9,0,26
2023-05-02T18:37:58,17,9,0,26
2023-05-02T18:47:22,17,9,0,26
2023-05-02T18:56:46,17,9,0,26
2023-05-02T19:06:12,17,9,0,26
2023-05-02T19:15:37,17,9,0,26
2023-05-02T19:25:11,17,9,0,26
2023-05-02T19:34:36,17,9,0,26
2023-05-02T19:44:01,17,9,0,26
2023-05-02T19:53:26,17,9,0,26
2023-05-02T20:02:51,17,9,0,26
2023-05-02T20:12:16,17,9,0,26
2023-05-02T20:21:41,17,9,0,26
2023-05-02T20:31:06,17,9,0,26
2023-05-02T20:40:30,17,9,0,26
2023-05-02T20:49:55,17,9,0,26
2023-05-02T20:59:19,17,9,0,26
2023-05-02T21:08:56,17,9,0,26
2023-05-02T21:18:20,17,9,0,26
2023-05-02T21:27:45,17,9,0,26
2023-05-02T21:37:09,17,9,0,26
2023-05-02T21:46:34,17,9,0,26
2023-05-02T21:55:58,17,9,0,26
2023-05-02T22:05:23,17,9,0,26
2023-05-02T22:14:48,17,9,0,26
2023-05-02T22:24:12,17,9,0,26
2023-05-02T22:33:36,17,9,0,26
2023-05-02T22:43:01,17,9,0,26
2023-05-02T22:52:26,17,9,0,26
2023-05-02T23:01:51,17,9,0,26
2023-05-02T23:11:17,17,9,0,26
2023-05-02T23:20:52,17,9,0,26
2023-05-02T23:30:17,17,9,0,26
2023-05-02T23:39:41,17,9,0,26
2023-05-02T23:49:06,17,9,0,26
2023-05-02T23:58:31,17,9,0,26
2023-05-03T00:07:59,17,9,0,26
2023-05-03T00:17:32,17,9,0,26
2023-05-03T00:27:00,17,9,0,26
2023-05-03T00:36:27,17,9,0,26
2023-05-03T00:45:55,17,9,0,26
2023-05-03T00:55:23,17,9,0,26
2023-05-03T01:04:52,17,9,0,26
2023-05-03T01:14:21,17,9,0,26
2023-05-03T01:23:48,17,9,0,26
2023-05-03T01:33:15,17,9,0,26
2023-05-03T01:42:43,17,9,0,26
2023-05-03T01:52:23,17,9,0,26
2023-05-03T02:01:51,17,9,0,26
2023-05-03T02:11:18,17,9,0,26
2023-05-03T02:20:44,17,9,0,26
2023-05-03T02:30:10,17,9,0,26
2023-05-03T02:39:39,17,9,0,26
2023-05-03T02:49:16,17,9,0,26
2023-05-03T02:58:45,17,9,0,26
2023-05-03T03:08:14,17,9,0,26
2023-05-03T03:17:42,17,9,0,26
2023-05-03T03:27:11,17,9,0,26
2023-05-03T03:36:39,17,9,0,26
2023-05-03T03:46:06,17,9,0,26
2023-05-03T03:55:33,17,9,0,26
2023-05-03T04:05:01,17,9,0,26
2023-05-03T04:18:41,17,9,0,26
2023-05-03T04:29:41,17,9,0,26
2023-05-03T04:39:12,17,9,0,26
2023-05-03T04:48:42,17,9,0,26
2023-05-03T04:58:10,17,9,0,26
2023-05-03T05:07:40,17,9,0,26
2023-05-03T05:17:08,17,9,0,26
2023-05-03T05:26:35,17,9,0,26
2023-05-03T05:36:03,17,9,0,26
2023-05-03T05:45:30,17,9,0,26
2023-05-03T05:54:58,17,9,0,26
2023-05-03T06:04:26,17,9,0,26
2023-05-03T06:13:54,17,9,0,26
2023-05-03T06:23:23,17,9,0,26
2023-05-03T06:32:50,17,9,0,26
2023-05-03T06:42:16,17,9,0,26
2023-05-03T06:51:42,17,9,0,26
2023-05-03T07:01:11,17,9,0,26
2023-05-03T07:10:39,17,9,0,26
2023-05-03T07:20:04,17,9,0,26
2023-05-03T07:29:29,17,9,0,26
2023-05-03T07:38:55,17,9,0,26
2023-05-03T07:48:37,17,9,0,26
2023-05-03T07:58:02,17,9,0,26
2023-05-03T08:07:28,17,9,0,26
2023-05-03T08:16:52,17,9,0,26
2023-05-03T08:26:18,17,9,0,26
2023-05-03T08:35:43,17,9,0,26
2023-05-03T08:45:08,17,9,0,26
2023-05-03T08:54:32,17,9,0,26
2023-05-03T09:03:57,17,9,0,26
2023-05-03T09:13:22,17,9,0,26
2023-05-03T09:22:47,17,9,0,26
2023-05-03T09:32:11,17,9,0,26
2023-05-03T09:41:36,17,9,0,26
2023-05-03T09:51:13,17,9,0,26
2023-05-03T10:00:38,17,9,0,26
2023-05-03T10:10:03,17,9,0,26
2023-05-03T10:19:27,17,9,0,26
2023-05-03T10:28:51,17,9,0,26
2023-05-03T10:38:16,17,9,0,26
2023-05-03T10:47:41,17,9,0,26
2023-05-03T10:57:06,17,9,0,26
2023-05-03T11:06:31,17,9,0,26
2023-05-03T11:15:56,17,9,0,26
2023-05-03T11:25:21,17,9,0,26
2023-05-03T11:34:45,17,9,0,26
2023-05-03T11:44:28,17,9,0,26
2023-05-03T11:53:53,17,9,0,26
2023-05-03T12:03:18,17,9,0,26
2023-05-03T12:12:43,17,9,0,26
2023-05-03T12:22:08,17,9,0,26
2023-05-03T12:31:32,17,9,0,26
2023-05-03T12:40:57,17,9,0,26
2023-05-03T12:50:21,17,9,0,26
2023-05-03T12:59:46,17,9,0,26
2023-05-03T13:09:11,17,9,0,26
2023-05-03T13:18:37,17,9,0,26
2023-05-03T13:28:03,17,9,0,26
2023-05-03T13:37:46,17,9,0,26
2023-05-03T13:47:10,17,9,0,26
2023-05-03T13:56:35,17,9,0,26
2023-05-03T14:06:00,17,9,0,26
2023-05-03T14:15:25,17,9,0,26
2023-05-03T14:24:50,17,9,0,26
2023-05-03T14:34:14,17,9,0,26
2023-05-03T14:43:39,17,9,0,26
2023-05-03T14:53:04,17,9,0,26
2023-05-03T15:02:29,17,9,0,26
2023-05-03T15:11:54,17,9,0,26
2023-05-03T15:21:19,17,9,0,26
2023-05-03T15:30:54,17,9,0,26
2023-05-03T15:40:19,17,9,0,26
2023-05-03T15:49:44,17,9,0,26
2023-05-03T15:59:09,17,9,0,26
2023-05-03T16:08:33,17,9,0,26
2023-05-03T16:17:58,17,9,0,26
2023-05-03T16:27:23,17,9,0,26
2023-05-03T16:36:47,17,9,0,26
2023-05-03T16:46:12,17,9,0,26
2023-05-03T16:55:37,17,9,0,26
2023-05-03T17:05:02,17,9,0,26
2023-05-03T17:14:39,17,9,0,26
2023-05-03T17:24:04,17,9,0,26
2023-05-03T17:33:29,17,9,0,26
2023-05-03T17:42:54,17,9,0,26
2023-05-03T17:52:19,17,9,0,26
2023-05-03T18:01:44,17,9,0,26
2023-05-03T18:11:09,17,9,0,26
2023-05-03T18:20:34,17,9,0,26
2023-05-03T18:29:59,17,9,0,26
2023-05-03T18:39:23,17,9,0,26
2023-05-03T18:48:48,17,9,0,26
2023-05-03T18:58:13,17,9,0,26
2023-05-03T19:07:38,17,9,0,26
2023-05-03T19:17:21,17,9,0,26
2023-05-03T19:26:47,17,9,0,26
2023-05-03T19:36:12,17,9,0,26
2023-05-03T19:45:37,17,9,0,26
2023-05-03T19:55:02,17,9,0,26
2023-05-03T20:04:27,17,9,0,26
2023-05-03T20:13:51,17,9,0,26
2023-05-03T20:23:16,17,9,0,26
2023-05-03T20:32:40,17,9,0,26
2023-05-03T20:42:05,17,9,0,26
2023-05-03T20:51:29,17,9,0,26
2023-05-03T21:00:54,17,9,0,26
2023-05-03T21:10:19,17,9,0,26
2023-05-03T21:19:44,17,9,0,26
2023-05-03T21:29:08,17,9,0,26
2023-05-03T21:38:43,17,9,0,26
2023-05-03T21:48:08,17,9,0,26
2023-05-03T21:57:32,17,9,0,26
2023-05-03T22:06:57,17,9,0,26
2023-05-03T22:16:21,17,9,0,26
2023-05-03T22:25:46,17,9,0,26
2023-05-03T22:35:11,17,9,0,26
2023-05-03T22:44:36,17,9,0,26
2023-05-03T22:54:01,17,9,0,26
2023-05-03T23:03:26,17,9,0,26
2023-05-03T23:12:52,17,9,0,26
2023-05-03T23:22:17,17,9,0,26
2023-05-03T23:31:42,17,9,0,26
2023-05-03T23:41:27,17,9,0,26
2023-05-03T23:50:52,17,9,0,26
2023-05-04T00:00:17,17,9,0,26
2023-05-04T00:09:44,17,9,0,26
2023-05-04T00:19:13,17,9,0,26
2023-05-04T00:28:40,17,9,0,26
2023-05-04T00:38:08,17,9,0,26
2023-05-04T00:47:37,17,9,0,26
2023-05-04T00:57:06,17,9,0,26
2023-05-04T01:06:35,17,9,0,26
2023-05-04T01:16:02,17,9,0,26
2023-05-04T01:25:31,17,9,0,26
2023-05-04T01:34:57,17,9,0,26
2023-05-04T01:44:23,17,9,0,26
2023-05-04T01:53:51,17,9,0,26
2023-05-04T02:03:19,17,9,0,26
2023-05-04T02:12:45,17,9,0,26
2023-05-04T02:22:11,17,9,0,26
2023-05-04T02:31:36,17,9,0,26
2023-05-04T02:41:02,17,9,0,26
2023-05-04T02:50:27,17,9,0,26
2023-05-04T02:59:52,17,9,0,26
2023-05-04T03:09:16,17,9,0,26
2023-05-04T03:18:51,17,9,0,26
2023-05-04T03:28:16,17,9,0,26
2023-05-04T03:37:41,17,9,0,26
2023-05-04T03:47:05,17,9,0,26
2023-05-04T03:56:31,17,9,0,26
2023-05-04T04:05:59,17,9,0,26
2023-05-04T04:15:27,17,9,0,26
2023-05-04T04:30:03,17,9,0,26
2023-05-04T04:39:57,17,9,0,26
2023-05-04T04:49:29,17,9,0,26
2023-05-04T04:58:59,17,9,0,26
2023-05-04T05:08:28,17,9,0,26
2023-05-04T05:17:59,17,9,0,26
2023-05-04T05:27:28,17,9,0,26
2023-05-04T05:36:59,17,9,0,26
2023-05-04T05:46:28,17,9,0,26
2023-05-04T05:55:57,17,9,0,26
2023-05-04T06:05:25,17,9,0,26
2023-05-04T06:14:54,17,9,0,26
2023-05-04T06:24:22,17,9,0,26
2023-05-04T06:33:50,17,9,0,26
2023-05-04T06:43:18,17,9,0,26
2023-05-04T06:52:50,17,9,0,26
2023-05-04T07:02:23,17,9,0,26
2023-05-04T07:11:49,17,9,0,26
2023-05-04T07:21:15,17,9,0,26
2023-05-04T07:30:41,17,9,0,26
2023-05-04T07:40:07,17,9,0,26
2023-05-04T07:49:34,17,9,0,26
2023-05-04T07:59:00,17,9,0,26
2023-05-04T08:08:26,17,9,0,26
2023-05-04T08:17:52,17,9,0,26
2023-05-04T08:27:20,17,9,0,26
2023-05-04T08:36:56,17,9,0,26
2023-05-04T08:46:23,17,9,0,26
2023-05-04T08:55:49,17,9,0,26
2023-05-04T09:05:16,17,9,0,26
2023-05-04T09:14:42,17,9,0,26
2023-05-04T09:24:09,17,9,0,26
2023-05-04T09:33:34,17,9,0,26
2023-05-04T09:43:01,17,9,0,26
2023-05-04T09:52:27,17,9,0,26
2023-05-04T10:01:52,17,9,0,26
2023-05-04T10:11:17,17,9,0,26
2023-05-04T10:20:42,17,9,0,26
2023-05-04T10:30:07,17,9,0,26
2023-05-04T10:39:31,17,9,0,26
2023-05-04T10:49:08,17,9,0,26
2023-05-04T10:58:33,17,9,0,26
2023-05-04T11:07:58,17,9,0,26
2023-05-04T11:17:23,17,9,0,26
2023-05-04T11:26:48,17,9,0,26
2023-05-04T11:36:13,17,9,0,26
2023-05-04T11:45:38,17,9,0,26
2023-05-04T11:55:03,17,9,0,26
2023-05-04T12:04:28,17,9,0,26
2023-05-04T12:13:53,17,9,0,26
2023-05-04T12:23:19,17,9,0,26
2023-05-04T12:32:44,17,9,0,26
2023-05-04T12:42:09,17,9,0,26
2023-05-04T12:51:34,17,9,0,26
2023-05-04T13:01:10,17,9,0,26
2023-05-04T13:10:35,17,9,0,26
2023-05-04T13:19:59,17,9,0,26
2023-05-04T13:29:25,17,9,0,26
2023-05-04T13:38:50,17,9,0,26
2023-05-04T13:48:14,17,9,0,26
2023-05-04T13:57:39,17,9,0,26
2023-05-04T14:07:05,17,9,0,26
2023-05-04T14:16:30,17,9,0,26
2023-05-04T14:25:55,17,9,0,26
2023-05-04T14:35:22,17,9,0,26
2023-05-04T14:44:47,17,9,0,26
2023-05-04T14:54:23,17,9,0,26
2023-05-04T15:03:49,17,9,0,26
2023-05-04T15:13:14,17,9,0,26
2023-05-04T15:22:39,17,9,0,26
2023-05-04T15:32:03,17,9,0,26
2023-05-04T15:41:28,17,9,0,26
2023-05-04T15:50:53,17,9,0,26
2023-05-04T16:00:18,17,9,0,26
2023-05-04T16:09:43,17,9,0,26
2023-05-04T16:19:08,17,9,0,26
2023-05-04T16:28:33,17,9,0,26
2023-05-04T16:37:58,17,9,0,26
2023-05-04T16:47:23,17,9,0,26
2023-05-04T16:56:58,17,9,0,26
2023-05-04T17:06:23,17,9,0,26
2023-05-04T17:15:50,17,9,0,26
2023-05-04T17:25:15,17,9,0,26
2023-05-04T17:34:41,17,9,0,26
2023-05-04T17:44:06,17,9,0,26
2023-05-04T17:53:30,17,9,0,26
2023-05-04T18:02:56,17,9,0,26
2023-05-04T18:12:22,17,9,0,26
2023-05-04T18:21:48,17,9,0,26
2023-05-04T18:31:13,17,9,0,26
2023-05-04T18:40:38,17,9,0,26
2023-05-04T18:50:03,17,9,0,26
2023-05-04T18:59:27,17,9,0,26
2023-05-04T19:08:53,17,9,0,26
2023-05-04T19:18:28,17,9,0,26
2023-05-04T19:27:53,17,9,0,26
2023-05-04T19:37:19,17,9,0,26
2023-05-04T19:46:44,17,9,0,26
2023-05-04T19:56:09,17,9,0,26
2023-05-04T20:05:33,17,9,0,26
2023-05-04T20:14:59,17,9,0,26
2023-05-04T20:24:24,17,9,0,26
2023-05-04T20:33:49,17,9,0,26
2023-05-04T20:43:14,17,9,0,26
2023-05-04T20:52:38,17,9,0,26
2023-05-04T21:02:03,17,9,0,26
2023-05-04T21:11:28,17,9,0,26
2023-05-04T21:20:54,17,9,0,26
2023-05-04T21:30:28,17,9,0,26
2023-05-04T21:39:53,17,9,0,26
2023-05-04T21:49:18,17,9,0,26
2023-05-04T21:58:43,17,9,0,26
2023-05-04T22:08:08,17,9,0,26
2023-05-04T22:17:33,17,9,0,26
2023-05-04T22:26:58,17,9,0,26
2023-05-04T22:36:24,17,9,0,26
2023-05-04T22:45:49,17,9,0,26
2023-05-04T22:55:13,17,9,0,26
2023-05-04T23:04:40,17,9,0,26
2023-05-04T23:14:06,17,9,0,26
2023-05-04T23:23:32,17,9,0,26
2023-05-04T23:32:58,17,9,0,26
2023-05-04T23:42:23,17,9,0,26
2023-05-04T23:51:48,17,9,0,26
2023-05-05T00:01:14,17,9,0,26
2023-05-05T00:10:41,17,9,0,26
2023-05-05T00:20:12,17,9,0,26
2023-05-05T00:29:49,17,9,0,26
2023-05-05T00:39:19,17,9,0,26
2023-05-05T00:48:48,17,9,0,26
2023-05-05T00:58:18,17,9,0,26
2023-05-05T01:07:48,17,9,0,26
2023-05-05T01:17:17,17,9,0,26
2023-05-05T01:26:45,17,9,0,26
2023-05-05T01:36:13,17,9,0,26
2023-05-05T01:45:42,17,9,0,26
2023-05-05T01:55:13,17,9,0,26
2023-05-05T02:04:42,17,9,0,26
2023-05-05T02:14:08,17,9,0,26
2023-05-05T02:23:34,17,9,0,26
2023-05-05T02:33:01,17,9,0,26
2023-05-05T02:42:31,17,9,0,26
2023-05-05T02:52:29,17,9,0,26
2023-05-05T03:01:58,17,9,0,26
2023-05-05T03:11:28,17,9,0,26
2023-05-05T03:20:57,17,9,0,26
2023-05-05T03:30:24,17,9,0,26
2023-05-05T03:39:52,17,9,0,26
2023-05-05T03:49:20,17,9,0,26
2023-05-05T03:58:49,17,9,0,26
2023-05-05T04:08:17,17,9,0,26
2023-05-05T04:26:32,17,9,0,26
2023-05-05T04:36:03,17,9,0,26
2023-05-05T04:45:33,17,9,0,26
2023-05-05T04:55:02,17,9,0,26
2023-05-05T05:04:29,17,9,0,26
2023-05-05T05:13:58,17,9,0,26
2023-05-05T05:23:26,17,9,0,26
2023-05-05T05:32:55,17,9,0,26
2023-05-05T05:42:24,17,9,0,26
2023-05-05T05:51:53,17,9,0,26
2023-05-05T06:01:20,17,9,0,26
2023-05-05T06:10:48,17,9,0,26
2023-05-05T06:20:19,17,9,0,26
2023-05-05T06:29:47,17,9,0,26
2023-05-05T06:39:15,17,9,0,26
2023-05-05T06:48:42,17,9,0,26
2023-05-05T06:58:09,17,9,0,26
2023-05-05T07:07:37,17,9,0,26
2023-05-05T07:17:04,17,9,0,26
2023-05-05T07:26:31,17,9,0,26
2023-05-05T07:35:57,17,9,0,26
2023-05-05T07:45:23,17,9,0,26
2023-05-05T07:54:49,17,9,0,26
2023-05-05T08:04:18,17,9,0,26
2023-05-05T08:13:43,17,9,0,26
2023-05-05T08:23:08,17,9,0,26
2023-05-05T08:32:34,17,9,0,26
2023-05-05T08:41:59,17,9,0,26
2023-05-05T08:51:33,17,9,0,26
2023-05-05T09:00:58,17,9,0,26
2023-05-05T09:10:23,17,9,0,26
2023-05-05T09:19:48,17,9,0,26
2023-05-05T09:29:16,17,9,0,26
2023-05-05T09:38:40,17,9,0,26
2023-05-05T09:48:05,17,9,0,26
2023-05-05T09:57:29,17,9,0,26
2023-05-05T10:06:54,17,9,0,26
2023-05-05T10:16:19,17,9,0,26
2023-05-05T10:25:44,17,9,0,26
2023-05-05T10:35:08,17,9,0,26
2023-05-05T10:44:33,17,9,0,26
2023-05-05T10:53:58,17,9,0,26
2023-05-05T11:03:24,17,9,0,26
2023-05-05T11:12:49,17,9,0,26
2023-05-05T11:22:25,17,9,0,26
2023-05-05T11:31:50,17,9,0,26
2023-05-05T11:41:15,17,9,0,26
2023-05-05T11:50:40,17,9,0,26
2023-05-05T12:00:04,17,9,0,26
2023-05-05T12:09:30,17,9,0,26
2023-05-05T12:18:56,17,9,0,26
2023-05-05T12:28:20,17,9,0,26
2023-05-05T12:37:45,17,9,0,26
2023-05-05T12:47:10,17,9,0,26
2023-05-05T12:56:35,17,9,0,26
2023-05-05T13:06:00,17,9,0,26
2023-05-05T13:15:25,17,9,0,26
2023-05-05T13:24:50,17,9,0,26
2023-05-05T13:34:27,17,9,0,26
2023-05-05T13:43:52,17,9,0,26
2023-05-05T13:53:17,17,9,0,26
2023-05-05T14:02:42,17,9,0,26
2023-05-05T14:12:07,17,9,0,26
2023-05-05T14:21:31,17,9,0,26
2023-05-05T14:30:56,17,9,0,26
2023-05-05T14:40:21,17,9,0,26
2023-05-05T14:49:46,17,9,0,26
2023-05-05T14:59:11,17,9,0,26
2023-05-05T15:08:36,17,9,0,26
2023-05-05T15:18:01,17,9,0,26
2023-05-05T15:27:26,17,9,0,26
2023-05-05T15:36:51,17,9,0,26
2023-05-05T15:46:16,17,9,0,26
2023-05-05T15:55:51,17,9,0,26
2023-05-05T16:05:16,17,9,0,26
2023-05-05T16:14:41,17,9,0,26
2023-05-05T16:24:06,17,9,0,26
2023-05-05T16:33:31,17,9,0,26
2023-05-05T16:42:57,17,9,0,26
2023-05-05T16:52:23,17,9,0,26
2023-05-05T17:01:48,17,9,0,26
2023-05-05T17:11:14,17,9,0,26
2023-05-05T17:20:40,17,9,0,26
2023-05-05T17:30:04,17,9,0,26
2023-05-05T17:39:30,17,9,0,26
2023-05-05T17:48:55,17,9,0,26
2023-05-05T17:58:30,17,9,0,26
2023-05-05T18:07:55,17,9,0,26
2023-05-05T18:17:20,17,9,0,26
2023-05-05T18:33:44,17,9,0,26
2023-05-05T18:43:34,17,9,0,26
2023-05-05T18:53:01,17,9,0,26
2023-05-05T19:02:26,17,9,0,26
2023-05-05T19:11:52,17,9,0,26
2023-05-05T19:21:17,17,9,0,26
2023-05-05T19:30:42,17,9,0,26
2023-05-05T19:40:08,17,9,0,26
2023-05-05T19:49:33,17,9,0,26
2023-05-05T19:58:58,17,9,0,26
2023-05-05T20:08:23,17,9,0,26
2023-05-05T20:17:48,17,9,0,26
2023-05-05T20:27:13,17,9,0,26
2023-05-05T20:36:38,17,9,0,26
2023-05-05T20:46:03,17,9,0,26
2023-05-05T20:55:27,17,9,0,26
2023-05-05T21:04:52,17,9,0,26
2023-05-05T21:14:18,17,9,0,26
2023-05-05T21:23:55,17,9,0,26
2023-05-05T21:33:20,17,9,0,26
2023-05-05T21:42:45,17,9,0,26
2023-05-05T21:52:11,17,9,0,26
2023-05-05T22:01:36,17,9,0,26
2023-05-05T22:11:01,17,9,0,26
2023-05-05T22:20:25,17,9,0,26
2023-05-05T22:29:50,17,9,0,26
2023-05-05T22:39:15,17,9,0,26
2023-05-05T22:48:39,17,9,0,26
2023-05-05T22:58:04,17,9,0,26
2023-05-05T23:07:30,17,9,0,26
2023-05-05T23:16:56,17,9,0,26
2023-05-05T23:26:21,17,9,0,26
2023-05-05T23:35:47,17,9,0,26
2023-05-05T23:45:12,17,9,0,26
2023-05-05T23:54:37,17,9,0,26
2023-05-06T00:04:03,17,9,0,26
2023-05-06T00:13:29,17,9,0,26
2023-05-06T00:23:09,17,9,0,26
2023-05-06T00:32:35,17,9,0,26
2023-05-06T00:42:04,17,9,0,26
2023-05-06T00:51:33,17,9,0,26
2023-05-06T01:01:02,17,9,0,26
2023-05-06T01:10:29,17,9,0,26
2023-05-06T01:20:02,17,9,0,26
2023-05-06T01:29:31,17,9,0,26
2023-05-06T01:39:00,17,9,0,26
2023-05-06T01:48:29,17,9,0,26
2023-05-06T01:57:57,17,9,0,26
2023-05-06T02:07:23,17,9,0,26
2023-05-06T02:16:48,17,9,0,26
2023-05-06T02:26:15,17,9,0,26
2023-05-06T02:35:41,17,9,0,26
2023-05-06T02:45:08,17,9,0,26
2023-05-06T02:54:33,17,9,0,26
2023-05-06T03:03:59,17,9,0,26
2023-05-06T03:13:26,17,9,0,26
2023-05-06T03:22:54,17,9,0,26
2023-05-06T03:32:21,17,9,0,26
2023-05-06T03:41:48,17,9,0,26
2023-05-06T03:51:15,17,9,0,26
2023-05-06T04:00:43,17,9,0,26
2023-05-06T04:10:21,17,9,0,26
2023-05-06T04:27:52,17,9,0,26
2023-05-06T04:37:45,17,9,0,26
2023-05-06T04:47:15,17,9,0,26
2023-05-06T04:56:44,17,9,0,26
2023-05-06T05:06:12,17,9,0,26
2023-05-06T05:15:40,17,9,0,26
2023-05-06T05:25:09,17,9,0,26
2023-05-06T05:34:37,17,9,0,26
2023-05-06T05:44:06,17,9,0,26
2023-05-06T05:53:35,17,9,0,26
2023-05-06T06:03:04,17,9,0,26
2023-05-06T06:12:32,17,9,0,26
2023-05-06T06:22:00,17,9,0,26
2023-05-06T06:31:28,17,9,0,26
2023-05-06T06:40:56,17,9,0,26
2023-05-06T06:50:24,17,9,0,26
2023-05-06T06:59:53,17,9,0,26
2023-05-06T07:09:20,17,9,0,26
2023-05-06T07:18:48,17,9,0,26
2023-05-06T07:28:15,17,9,0,26
2023-05-06T07:37:43,17,9,0,26
2023-05-06T07:47:11,17,9,0,26
2023-05-06T07:56:48,17,9,0,26
2023-05-06T08:06:17,17,9,0,26
2023-05-06T08:15:44,17,9,0,26
2023-05-06T08:25:12,17,9,0,26
2023-05-06T08:34:40,17,9,0,26
2023-05-06T08:44:09,17,9,0,26
2023-05-06T08:53:37,17,9,0,26
2023-05-06T09:03:05,17,9,0,26
2023-05-06T09:12:33,17,9,0,26
2023-05-06T09:22:00,17,9,0,26
2023-05-06T09:31:29,17,9,0,26
2023-05-06T09:40:56,17,9,0,26
2023-05-06T09:50:23,17,9,0,26
2023-05-06T09:59:52,17,9,0,26
2023-05-06T10:09:21,17,9,0,26
2023-05-06T10:18:48,17,9,0,26
2023-05-06T10:28:27,17,9,0,26
2023-05-06T10:37:55,17,9,0,26
2023-05-06T10:47:21,17,9,0,26
2023-05-06T10:56:47,17,9,0,26
2023-05-06T11:06:13,17,9,0,26
2023-05-06T11:15:39,17,9,0,26
2023-05-06T11:25:04,17,9,0,26
2023-05-06T11:34:29,17,9,0,26
2023-05-06T11:43:54,17,9,0,26
2023-05-06T11:53:19,17,9,0,26
2023-05-06T12:02:44,17,9,0,26
2023-05-06T12:12:08,17,9,0,26
2023-05-06T12:21:33,17,9,0,26
2023-05-06T12:30:58,17,9,0,26
2023-05-06T12:40:22,17,9,0,26
2023-05-06T12:49:48,17,9,0,26
2023-05-06T12:59:12,17,9,0,26
2023-05-06T13:08:37,17,9,0,26
2023-05-06T13:18:12,17,9,0,26
2023-05-06T13:27:37,17,9,0,26
2023-05-06T13:37:02,17,9,0,26
2023-05-06T13:46:26,17,9,0,26
2023-05-06T13:55:51,17,9,0,26
2023-05-06T14:05:16,17,9,0,26
2023-05-06T14:14:40,17,9,0,26
2023-05-06T14:24:05,17,9,0,26
2023-05-06T14:33:30,17,9,0,26
2023-05-06T14:42:55,17,9,0,26
2023-05-06T14:52:21,17,9,0,26
2023-05-06T15:01:46,17,9,0,26
2023-05-06T15:11:10,17,9,0,26
2023-05-06T15:20:36,17,9,0,26
2023-05-06T15:30:00,17,9,0,26
2023-05-06T15:39:25,17,9,0,26
2023-05-06T15:48:50,17,9,0,26
2023-05-06T15:58:15,17,9,0,26
2023-05-06T16:07:51,17,9,0,26
2023-05-06T16:17:16,17,9,0,26
2023-05-06T16:26:41,17,9,0,26
2023-05-06T16:36:06,17,9,0,26
2023-05-06T16:45:30,17,9,0,26
2023-05-06T16:54:55,17,9,0,26
2023-05-06T17:04:20,17,9,0,26
2023-05-06T17:13:46,17,9,0,26
2023-05-06T17:23:11,17,9,0,26
2023-05-06T17:32:35,17,9,0,26
2023-05-06T17:42:00,17,9,0,26
2023-05-06T17:51:25,17,9,0,26
2023-05-06T18:00:59,17,9,0,26
2023-05-06T18:10:24,17,9,0,26
2023-05-06T18:19:49,17,9,0,26
2023-05-06T18:29:14,17,9,0,26
2023-05-06T18:38:39,17,9,0,26
2023-05-06T18:48:04,17,9,0,26
2023-05-06T18:57:28,17,9,0,26
2023-05-06T19:06:53,17,9,0,26
2023-05-06T19:16:18,17,9,0,26
2023-05-06T19:25:43,17,9,0,26
2023-05-06T19:35:07,17,9,0,26
2023-05-06T19:44:32,17,9,0,26
2023-05-06T19:53:56,17,9,0,26
2023-05-06T20:03:21,17,9,0,26
2023-05-06T20:12:46,17,9,0,26
2023-05-06T20:22:10,17,9,0,26
2023-05-06T20:31:35,17,9,0,26
2023-05-06T20:41:15,17,9,0,26
2023-05-06T20:50:40,17,9,0,26
2023-05-06T21:00:04,17,9,0,26
2023-05-06T21:09:38,17,9,0,26
2023-05-06T21:19:03,17,9,0,26
2023-05-06T21:28:27,17,9,0,26
2023-05-06T21:37:52,17,9,0,26
2023-05-06T21:47:17,17,9,0,26
2023-05-06T21:56:42,17,9,0,26
2023-05-06T22:06:06,17,9,0,26
2023-05-06T22:15:31,17,9,0,26
2023-05-06T22:24:56,17,9,0,26
2023-05-06T22:34:21,17,9,0,26
2023-05-06T22:43:45,17,9,0,26
2023-05-06T22:53:09,17,9,0,26
2023-05-06T23:02:35,17,9,0,26
2023-05-06T23:12:01,17,9,0,26
2023-05-06T23:21:26,17,9,0,26
2023-05-06T23:30:51,17,9,0,26
2023-05-06T23:40:15,17,9,0,26
2023-05-06T23:49:40,17,9,0,26
2023-05-06T23:59:05,17,9,0,26
2023-05-07T00:08:40,17,9,0,26
2023-05-07T00:18:09,17,9,0,26
2023-05-07T00:27:36,17,9,0,26
2023-05-07T00:37:02,17,9,0,26
2023-05-07T00:46:28,17,9,0,26
2023-05-07T00:55:54,17,9,0,26
2023-05-07T01:05:29,17,9,0,26
2023-05-07T01:15:00,17,9,0,26
2023-05-07T01:24:30,17,9,0,26
2023-05-07T01:33:59,17,9,0,26
2023-05-07T01:43:29,17,9,0,26
2023-05-07T01:52:58,17,9,0,26
2023-05-07T02:02:27,17,9,0,26
2023-05-07T02:11:56,17,9,0,26
2023-05-07T02:21:34,17,9,0,26
2023-05-07T02:31:12,17,9,0,26
2023-05-07T02:40:40,17,9,0,26
2023-05-07T02:50:08,17,9,0,26
2023-05-07T02:59:36,17,9,0,26
2023-05-07T03:09:05,17,9,0,26
2023-05-07T03:18:33,17,9,0,26
2023-05-07T03:28:01,17,9,0,26
2023-05-07T03:37:28,17,9,0,26
2023-05-07T03:46:56,17,9,0,26
2023-05-07T03:56:23,17,9,0,26
2023-05-07T04:06:01,17,9,0,26
2023-05-07T04:15:57,17,9,0,26
2023-05-07T04:30:52,17,9,0,26
2023-05-07T04:40:45,17,9,0,26
2023-05-07T04:50:15,17,9,0,26
2023-05-07T04:59:44,17,9,0,26
2023-05-07T05:09:13,17,9,0,26
2023-05-07T05:18:41,17,9,0,26
2023-05-07T05:28:09,17,9,0,26
2023-05-07T05:37:37,17,9,0,26
2023-05-07T05:47:07,17,9,0,26
2023-05-07T05:56:36,17,9,0,26
2023-05-07T06:06:03,17,9,0,26
2023-05-07T06:15:31,17,9,0,26
2023-05-07T06:24:59,17,9,0,26
2023-05-07T06:34:27,17,9,0,26
2023-05-07T06:43:54,17,9,0,26
2023-05-07T06:53:21,17,9,0,26
2023-05-07T07:02:47,17,9,0,26
2023-05-07T07:12:14,17,9,0,26
2023-05-07T07:21:39,17,9,0,26
2023-05-07T07:31:04,17,9,0,26
2023-05-07T07:40:29,17,9,0,26
2023-05-07T07:49:55,17,9,0,26
2023-05-07T07:59:20,17,9,0,26
2023-05-07T08:08:56,17,9,0,26
2023-05-07T08:18:22,17,9,0,26
2023-05-07T08:27:50,17,9,0,26
2023-05-07T08:37:17,17,9,0,26
2023-05-07T08:46:42,17,9,0,26
2023-05-07T08:56:09,17,9,0,26
2023-05-07T09:05:37,17,9,0,26
2023-05-07T09:15:04,17,9,0,26
2023-05-07T09:24:30,17,9,0,26
2023-05-07T09:33:55,17,9,0,26
2023-05-07T09:43:20,17,9,0,26
2023-05-07T09:52:46,17,9,0,26
2023-05-07T10:02:11,17,9,0,26
2023-05-07T10:11:38,17,9,0,26
2023-05-07T10:21:03,17,9,0,26
2023-05-07T10:30:38,17,9,0,26
2023-05-07T10:40:03,17,9,0,26
2023-05-07T10:49:28,17,9,0,26
2023-05-07T10:58:54,17,9,0,26
2023-05-07T11:08:19,17,9,0,26
2023-05-07T11:17:45,17,9,0,26
2023-05-07T11:27:10,17,9,0,26
2023-05-07T11:36:35,17,9,0,26
2023-05-07T11:46:02,17,9,0,26
2023-05-07T11:55:27,17,9,0,26
2023-05-07T12:04:52,17,9,0,26
2023-05-07T12:14:27,17,9,0,26
2023-05-07T12:23:53,17,9,0,26
2023-05-07T12:33:17,17,9,0,26
2023-05-07T12:42:42,17,9,0,26
2023-05-07T12:52:07,17,9,0,26
2023-05-07T13:01:32,17,9,0,26
2023-05-07T13:10:57,17,9,0,26
2023-05-07T13:20:22,17,9,0,26
2023-05-07T13:29:47,17,9,0,26
2023-05-07T13:39:12,17,9,0,26
2023-05-07T13:48:36,17,9,0,26
2023-05-07T13:58:01,17,9,0,26
2023-05-07T14:07:26,17,9,0,26
2023-05-07T14:16:51,17,9,0,26
2023-05-07T14:26:16,17,9,0,26
2023-05-07T14:36:00,17,9,0,26
2023-05-07T14:45:25,17,9,0,26
2023-05-07T14:54:51,17,9,0,26
2023-05-07T15:04:16,17,9,0,26
2023-05-07T15:13:42,17,9,0,26
2023-05-07T15:23:07,17,9,0,26
2023-05-07T15:32:31,17,9,0,26
2023-05-07T15:41:57,17,9,0,26
2023-05-07T15:51:22,17,9,0,26
2023-05-07T16:00:47,17,9,0,26
2023-05-07T16:10:13,17,9,0,26
2023-05-07T16:19:38,17,9,0,26
2023-05-07T16:29:04,17,9,0,26
2023-05-07T16:38:29,17,9,0,26
2023-05-07T16:47:54,17,9,0,26
2023-05-07T16:57:19,17,9,0,26
2023-05-07T17:06:44,17,9,0,26
2023-05-07T17:16:20,17,9,0,26
2023-05-07T17:25:45,17,9,0,26
2023-05-07T17:35:11,17,9,0,26
2023-05-07T17:44:36,17,9,0,26
2023-05-07T17:54:00,17,9,0,26
2023-05-07T18:03:22,17,9,0,26
2023-05-07T18:12:44,17,9,0,26
2023-05-07T18:22:08,17,9,0,26
2023-05-07T18:31:33,17,9,0,26
2023-05-07T18:40:58,17,9,0,26
2023-05-07T18:50:23,17,9,0,26
2023-05-07T18:59:48,17,9,0,26
2023-05-07T19:09:17,17,9,0,26
2023-05-07T19:18:43,17,9,0,26
2023-05-07T19:28:09,17,9,0,26
2023-05-07T19:37:34,17,9,0,26
2023-05-07T19:46:59,17,9,0,26
2023-05-07T19:56:32,17,9,0,26
2023-05-07T20:05:57,17,9,0,26
2023-05-07T20:15:22,17,9,0,26
2023-05-07T20:24:46,17,9,0,26
2023-05-07T20:34:11,17,9,0,26
2023-05-07T20:43:36,17,9,0,26
2023-05-07T20:53:01,17,9,0,26
2023-05-07T21:02:26,17,9,0,26
2023-05-07T21:11:51,17,9,0,26
2023-05-07T21:21:17,17,9,0,26
2023-05-07T21:30:42,17,9,0,26
2023-05-07T21:40:07,17,9,0,26
2023-05-07T21:49:32,17,9,0,26
2023-05-07T21:58:57,17,9,0,26
2023-05-07T22:08:23,17,9,0,26
2023-05-07T22:17:57,17,9,0,26
2023-05-07T22:27:22,17,9,0,26
2023-05-07T22:36:48,17,9,0,26
2023-05-07T22:46:13,17,9,0,26
2023-05-07T22:55:38,17,9,0,26
2023-05-07T23:05:05,17,9,0,26
2023-05-07T23:14:31,17,9,0,26
2023-05-07T23:23:57,17,9,0,26
2023-05-07T23:33:24,17,9,0,26
2023-05-07T23:42:50,17,9,0,26
2023-05-07T23:52:15,17,9,0,26
2023-05-08T00:01:41,17,9,0,26
2023-05-08T00:11:08,17,9,0,26
2023-05-08T00:20:42,17,9,0,26
2023-05-08T00:30:13,17,9,0,26
2023-05-08T00:39:45,17,9,0,26
2023-05-08T00:49:12,17,9,0,26
2023-05-08T00:58:40,17,9,0,26
2023-05-08T01:08:29,17,9,0,26
2023-05-08T01:18:00,17,9,0,26
2023-05-08T01:27:29,17,9,0,26
2023-05-08T01:36:57,17,9,0,26
2023-05-08T01:46:25,17,9,0,26
2023-05-08T01:55:53,17,9,0,26
2023-05-08T02:05:31,17,9,0,26
2023-05-08T02:15:00,17,9,0,26
2023-05-08T02:24:28,17,9,0,26
2023-05-08T02:33:55,17,9,0,26
2023-05-08T02:43:22,17,9,0,26
2023-05-08T02:52:48,17,9,0,26
2023-05-08T03:02:15,17,9,0,26
2023-05-08T03:11:43,17,9,0,26
2023-05-08T03:21:12,17,9,0,26
2023-05-08T03:30:39,17,9,0,26
2023-05-08T03:40:07,17,9,0,26
2023-05-08T03:49:35,17,9,0,26
2023-05-08T03:59:04,17,9,0,26
2023-05-08T04:08:32,17,9,0,26
2023-05-08T04:27:28,17,9,0,26
2023-05-08T04:38:26,17,9,0,26
2023-05-08T04:47:56,17,9,0,26
2023-05-08T04:57:27,17,9,0,26
2023-05-08T05:06:55,17,9,0,26
2023-05-08T05:16:23,17,9,0,26
2023-05-08T05:25:52,17,9,0,26
2023-05-08T05:35:22,17,9,0,26
2023-05-08T05:44:51,17,9,0,26
2023-05-08T05:54:19,17,9,0,26
2023-05-08T06:03:47,17,9,0,26
2023-05-08T06:13:18,17,9,0,26
2023-05-08T06:22:46,17,9,0,26
2023-05-08T06:32:14,17,9,0,26
2023-05-08T06:41:42,17,9,0,26
2023-05-08T06:51:09,17,9,0,26
2023-05-08T07:00:36,17,9,0,26
2023-05-08T07:10:04,17,9,0,26
2023-05-08T07:19:29,17,9,0,26
2023-05-08T07:28:54,17,9,0,26
2023-05-08T07:38:19,17,9,0,26
2023-05-08T07:47:45,17,9,0,26
2023-05-08T07:57:10,17,9,0,26
2023-05-08T08:06:39,17,9,0,26
2023-05-08T08:16:03,17,9,0,26
2023-05-08T08:25:29,17,9,0,26
2023-05-08T08:34:55,17,9,0,26
2023-05-08T08:44:41,17,9,0,26
2023-05-08T08:54:08,17,9,0,26
2023-05-08T09:03:33,17,9,0,26
2023-05-08T09:12:58,17,9,0,26
2023-05-08T09:22:23,17,9,0,26
2023-05-08T09:31:48,17,9,0,26
2023-05-08T09:41:12,17,9,0,26
2023-05-08T09:50:37,17,9,0,26
2023-05-08T10:00:03,17,9,0,26
2023-05-08T10:09:28,17,9,0,26
2023-05-08T10:19:00,17,9,0,26
2023-05-08T10:28:26,17,9,0,26
2023-05-08T10:37:57,17,9,0,26
2023-05-08T10:47:51,17,9,0,26
2023-05-08T10:57:10,17,9,0,26
2023-05-08T11:06:40,17,9,0,26
2023-05-08T11:15:59,17,9,0,26
2023-05-08T11:25:19,17,9,0,26
2023-05-08T11:34:38,17,9,0,26
2023-05-08T11:43:58,17,9,0,26
2023-05-08T11:53:17,17,9,0,26
2023-05-08T12:02:36,17,9,0,26
2023-05-08T12:11:57,17,9,0,26
2023-05-08T12:21:16,17,9,0,26
2023-05-08T12:30:35,17,9,0,26
2023-05-08T12:39:55,17,9,0,26
2023-05-08T12:49:14,17,9,0,26
2023-05-08T12:58:59,17,9,0,26
2023-05-08T13:08:18,17,9,0,26
2023-05-08T13:17:38,17,9,0,26
2023-05-08T13:26:57,17,9,0,26
2023-05-08T13:36:16,17,9,0,26
2023-05-08T13:45:35,17,9,0,26
2023-05-08T13:54:55,17,9,0,26
2023-05-08T14:04:14,17,9,0,26
2023-05-08T14:13:33,17,9,0,26
2023-05-08T14:22:53,17,9,0,26
2023-05-08T14:32:12,17,9,0,26
2023-05-08T14:41:32,17,9,0,26
2023-05-08T14:50:51,17,9,0,26
2023-05-08T15:00:11,17,9,0,26
2023-05-08T15:09:43,17,9,0,26
2023-05-08T15:19:02,17,9,0,26
2023-05-08T15:28:21,17,9,0,26
2023-05-08T15:37:41,17,9,0,26
2023-05-08T15:47:00,17,9,0,26
2023-05-08T15:56:20,17,9,0,26
2023-05-08T16:05:39,17,9,0,26
2023-05-08T16:14:59,17,9,0,26
2023-05-08T16:24:18,17,9,0,26
2023-05-08T16:33:40,17,9,0,26
2023-05-08T16:43:06,17,9,0,26
2023-05-08T16:52:31,17,9,0,26
2023-05-08T17:02:23,17,9,0,26
2023-05-08T17:11:49,17,9,0,26
2023-05-08T17:21:15,17,9,0,26
2023-05-08T17:33:58,17,9,0,26
2023-05-08T17:43:17,17,9,0,26
2023-05-08T17:52:37,17,9,0,26
2023-05-08T18:01:56,17,9,0,26
2023-05-08T18:11:16,17,9,0,26
2023-05-08T18:20:35,17,9,0,26
2023-05-08T18:29:54,17,9,0,26
2023-05-08T18:39:14,17,9,0,26
2023-05-08T18:48:33,17,9,0,26
2023-05-08T18:57:53,17,9,0,26
2023-05-08T19:07:13,17,9,0,26
2023-05-08T19:16:32,17,9,0,26
2023-05-08T19:26:02,17,9,0,26
2023-05-08T19:35:22,17,9,0,26
2023-05-08T19:44:47,17,9,0,26
2023-05-08T19:54:13,17,9,0,26
2023-05-08T20:03:38,17,9,0,26
2023-05-08T20:13:03,17,9,0,26
2023-05-08T20:22:28,17,9,0,26
2023-05-08T20:31:53,17,9,0,26
2023-05-08T20:41:18,17,9,0,26
2023-05-08T20:50:43,17,9,0,26
2023-05-08T21:00:08,17,9,0,26
2023-05-08T21:09:33,17,9,0,26
2023-05-08T21:18:58,17,9,0,26
2023-05-08T21:28:23,17,9,0,26
2023-05-08T21:37:49,17,9,0,26
2023-05-08T21:47:24,17,9,0,26
2023-05-08T21:56:49,17,9,0,26
2023-05-08T22:06:14,17,9,0,26
2023-05-08T22:15:39,17,9,0,26
2023-05-08T22:25:04,17,9,0,26
2023-05-08T22:34:29,17,9,0,26
2023-05-08T22:43:55,17,9,0,26
2023-05-08T22:53:20,17,9,0,26
2023-05-08T23:02:45,17,9,0,26
2023-05-08T23:12:12,17,9,0,26
2023-05-08T23:21:38,17,9,0,26
2023-05-08T23:31:04,17,9,0,26
2023-05-08T23:40:30,17,9,0,26
2023-05-08T23:49:55,17,9,0,26
2023-05-08T23:59:21,17,9,0,26
2023-05-09T00:08:48,17,9,0,26
2023-05-09T00:18:18,17,9,0,26
2023-05-09T00:27:48,17,9,0,26
2023-05-09T00:37:17,17,9,0,26
2023-05-09T00:46:56,17,9,0,26
2023-05-09T00:56:26,17,9,0,26
2023-05-09T01:05:55,17,9,0,26
2023-05-09T01:15:24,17,9,0,26
2023-05-09T01:24:52,17,9,0,26
2023-05-09T01:34:20,17,9,0,26
2023-05-09T01:43:47,17,9,0,26
2023-05-09T01:53:16,17,9,0,26
2023-05-09T02:02:44,17,9,0,26
2023-05-09T02:12:12,17,9,0,26
2023-05-09T02:21:38,17,9,0,26
2023-05-09T02:31:04,17,9,0,26
2023-05-09T02:40:29,17,9,0,26
2023-05-09T02:49:54,17,9,0,26
2023-05-09T02:59:20,17,9,0,26
2023-05-09T03:08:49,17,9,0,26
2023-05-09T03:18:20,17,9,0,26
2023-05-09T03:27:50,17,9,0,26
2023-05-09T03:37:20,17,9,0,26
2023-05-09T03:46:50,17,9,0,26
2023-05-09T03:56:20,17,9,0,26
2023-05-09T04:05:49,17,9,0,26
2023-05-09T04:17:34,17,9,0,26
2023-05-09T04:27:30,17,9,0,26
2023-05-09T04:37:00,17,9,0,26
2023-05-09T04:46:30,17,9,0,26
2023-05-09T04:55:59,17,9,0,26
2023-05-09T05:05:27,17,9,0,26
2023-05-09T05:14:55,17,9,0,26
2023-05-09T05:24:23,17,9,0,26
2023-05-09T05:33:51,17,9,0,26
2023-05-09T05:43:23,17,9,0,26
2023-05-09T05:54:49,17,9,0,26
2023-05-09T06:04:17,17,9,0,26
2023-05-09T06:13:45,17,9,0,26
2023-05-09T06:23:14,17,9,0,26
2023-05-09T06:32:42,17,9,0,26
2023-05-09T06:42:10,17,9,0,26
2023-05-09T06:51:37,17,9,0,26
2023-05-09T07:01:05,17,9,0,26
2023-05-09T07:10:37,17,9,0,26
2023-05-09T07:20:04,17,9,0,26
2023-05-09T07:29:30,17,9,0,26
2023-05-09T07:38:56,17,9,0,26
2023-05-09T07:48:24,17,9,0,26
2023-05-09T07:57:52,17,9,0,26
2023-05-09T08:07:19,17,9,0,26
2023-05-09T08:16:46,17,9,0,26
2023-05-09T08:26:14,17,9,0,26
2023-05-09T08:35:41,17,9,0,26
2023-05-09T08:45:15,17,9,0,26
2023-05-09T08:54:40,17,9,0,26
2023-05-09T09:04:06,17,9,0,26
2023-05-09T09:13:31,17,9,0,26
2023-05-09T09:22:57,17,9,0,26
2023-05-09T09:32:23,17,9,0,26
2023-05-09T09:41:48,17,9,0,26
2023-05-09T09:51:14,17,9,0,26
2023-05-09T10:00:39,17,9,0,26
2023-05-09T10:10:05,17,9,0,26
2023-05-09T10:19:30,17,9,0,26
2023-05-09T10:28:56,17,9,0,26
2023-05-09T10:38:22,17,9,0,26
2023-05-09T10:47:47,17,9,0,26
2023-05-09T10:57:12,17,9,0,26
2023-05-09T11:06:48,17,9,0,26
2023-05-09T11:16:14,17,9,0,26
2023-05-09T11:25:39,17,9,0,26
2023-05-09T11:35:04,17,9,0,26
2023-05-09T11:44:30,17,9,0,26
2023-05-09T11:53:55,17,9,0,26
2023-05-09T12:03:20,17,9,0,26
2023-05-09T12:12:46,17,9,0,26
2023-05-09T12:22:11,17,9,0,26
2023-05-09T12:31:36,17,9,0,26
2023-05-09T12:41:02,17,9,0,26
2023-05-09T12:50:27,17,9,0,26
2023-05-09T12:59:52,17,9,0,26
2023-05-09T13:09:30,17,9,0,26
2023-05-09T13:18:55,17,9,0,26
2023-05-09T13:28:21,17,9,0,26
2023-05-09T13:37:47,17,9,0,26
2023-05-09T13:47:12,17,9,0,26
2023-05-09T13:56:38,17,9,0,26
2023-05-09T14:06:03,17,9,0,26
2023-05-09T14:15:29,17,9,0,26
2023-05-09T14:24:54,17,9,0,26
2023-05-09T14:34:21,17,9,0,26
2023-05-09T14:43:46,17,9,0,26
2023-05-09T14:53:12,17,9,0,26
2023-05-09T15:02:50,17,9,0,26
2023-05-09T15:12:15,17,9,0,26
2023-05-09T15:21:41,17,9,0,26
2023-05-09T15:31:07,17,9,0,26
2023-05-09T15:40:32,17,9,0,26
2023-05-09T15:49:58,17,9,0,26
2023-05-09T15:59:23,17,9,0,26
2023-05-09T16:08:48,17,9,0,26
2023-05-09T16:18:14,17,9,0,26
2023-05-09T16:27:39,17,9,0,26
2023-05-09T16:37:05,17,9,0,26
2023-05-09T16:46:30,17,9,0,26
2023-05-09T16:56:07,17,9,0,26
2023-05-09T17:05:33,17,9,0,26
2023-05-09T17:15:00,17,9,0,26
2023-05-09T17:24:26,17,9,0,26
2023-05-09T17:33:52,17,9,0,26
2023-05-09T17:43:18,17,9,0,26
2023-05-09T17:52:43,17,9,0,26
2023-05-09T18:02:09,17,9,0,26
2023-05-09T18:11:34,17,9,0,26
2023-05-09T18:21:00,17,9,0,26
2023-05-09T18:30:26,17,9,0,26
2023-05-09T18:39:54,17,9,0,26
2023-05-09T18:49:20,17,9,0,26
2023-05-09T18:58:46,17,9,0,26
2023-05-09T19:08:12,17,9,0,26
2023-05-09T19:17:38,17,9,0,26
2023-05-09T19:27:16,17,9,0,26
2023-05-09T19:36:41,17,9,0,26
2023-05-09T19:46:07,17,9,0,26
2023-05-09T19:55:33,17,9,0,26
2023-05-09T20:04:59,17,9,0,26
2023-05-09T20:14:25,17,9,0,26
2023-05-09T20:23:51,17,9,0,26
2023-05-09T20:33:16,17,9,0,26
2023-05-09T20:42:42,17,9,0,26
2023-05-09T20:52:07,17,9,0,26
2023-05-09T21:01:32,17,9,0,26
2023-05-09T21:10:58,17,9,0,26
2023-05-09T21:20:23,17,9,0,26
2023-05-09T21:29:48,17,9,0,26
2023-05-09T21:39:13,17,9,0,26
2023-05-09T21:48:39,17,9,0,26
2023-05-09T21:58:04,17,9,0,26
2023-05-09T22:07:29,17,9,0,26
2023-05-09T22:17:04,17,9,0,26
2023-05-09T22:26:29,17,9,0,26
2023-05-09T22:35:55,17,9,0,26
2023-05-09T22:45:20,17,9,0,26
2023-05-09T22:54:46,17,9,0,26
2023-05-09T23:04:12,17,9,0,26
2023-05-09T23:13:38,17,9,0,26
2023-05-09T23:23:04,17,9,0,26
2023-05-09T23:32:29,17,9,0,26
2023-05-09T23:41:55,17,9,0,26
2023-05-09T23:51:21,17,9,0,26
2023-05-10T00:00:47,17,9,0,26
2023-05-10T00:10:14,17,9,0,26
2023-05-10T00:19:44,17,9,0,26
2023-05-10T00:29:13,17,9,0,26
2023-05-10T00:38:42,17,9,0,26
2023-05-10T00:48:12,17,9,0,26
2023-05-10T00:57:42,17,9,0,26
2023-05-10T01:07:12,17,9,0,26
2023-05-10T01:16:44,17,9,0,26
2023-05-10T01:26:14,17,9,0,26
2023-05-10T01:35:53,17,9,0,26
2023-05-10T01:45:23,17,9,0,26
2023-05-10T01:54:53,17,9,0,26
2023-05-10T02:04:23,17,9,0,26
2023-05-10T02:13:51,17,9,0,26
2023-05-10T02:23:18,17,9,0,26
2023-05-10T02:32:45,17,9,0,26
2023-05-10T02:42:16,17,9,0,26
2023-05-10T02:51:53,17,9,0,26
2023-05-10T03:01:23,17,9,0,26
2023-05-10T03:10:53,17,9,0,26
2023-05-10T03:20:22,17,9,0,26
2023-05-10T03:29:51,17,9,0,26
2023-05-10T03:39:20,17,9,0,26
2023-05-10T03:48:50,17,9,0,26
2023-05-10T03:58:18,17,9,0,26
2023-05-10T04:07:47,17,9,0,26
2023-05-10T04:19:53,17,9,0,26
2023-05-10T04:29:34,17,9,0,26
2023-05-10T04:40:18,17,9,0,26
2023-05-10T04:49:51,17,9,0,26
2023-05-10T04:59:20,17,9,0,26
2023-05-10T05:08:50,17,9,0,26
2023-05-10T05:18:19,17,9,0,26
2023-05-10T05:27:48,17,9,0,26
2023-05-10T05:37:18,17,9,0,26
2023-05-10T05:46:47,17,9,0,26
2023-05-10T05:56:17,17,9,0,26
2023-05-10T06:05:46,17,9,0,26
2023-05-10T06:15:15,17,9,0,26
2023-05-10T06:24:44,17,9,0,26
2023-05-10T06:34:14,17,9,0,26
2023-05-10T06:43:42,17,9,0,26
2023-05-10T06:53:11,17,9,0,26
2023-05-10T07:02:41,17,9,0,26
2023-05-10T07:12:09,17,9,0,26
2023-05-10T07:21:38,17,9,0,26
2023-05-10T07:31:05,17,9,0,26
2023-05-10T07:40:33,17,9,0,26
2023-05-10T07:50:00,17,9,0,26
2023-05-10T07:59:32,17,9,0,26
2023-05-10T08:08:58,17,9,0,26
2023-05-10T08:18:24,17,9,0,26
2023-05-10T08:27:51,17,9,0,26
2023-05-10T08:37:17,17,9,0,26
2023-05-10T08:46:43,17,9,0,26
2023-05-10T08:56:09,17,9,0,26
2023-05-10T09:05:44,17,9,0,26
2023-05-10T09:15:10,17,9,0,26
2023-05-10T09:24:36,17,9,0,26
2023-05-10T09:34:02,17,9,0,26
2023-05-10T09:43:28,17,9,0,26
2023-05-10T09:52:54,17,9,0,26
2023-05-10T10:02:20,17,9,0,26
2023-05-10T10:11:46,17,9,0,26
2023-05-10T10:21:12,17,9,0,26
2023-05-10T10:30:38,17,9,0,26
2023-05-10T10:46:51,17,9,0,26
2023-05-10T10:56:30,17,9,0,26
2023-05-10T11:05:57,17,9,0,26
2023-05-10T11:15:22,17,9,0,26
2023-05-10T11:24:48,17,9,0,26
2023-05-10T11:34:15,17,9,0,26
2023-05-10T11:43:41,17,9,0,26
2023-05-10T11:53:07,17,9,0,26
2023-05-10T12:02:33,17,9,0,26
2023-05-10T12:11:59,17,9,0,26
2023-05-10T12:21:24,17,9,0,26
2023-05-10T12:30:50,17,9,0,26
2023-05-10T12:40:15,17,9,0,26
2023-05-10T12:49:41,17,9,0,26
2023-05-10T12:59:25,17,9,0,26
2023-05-10T13:08:50,17,9,0,26
2023-05-10T13:18:16,17,9,0,26
2023-05-10T13:27:41,17,9,0,26
2023-05-10T13:37:07,17,9,0,26
2023-05-10T13:46:33,17,9,0,26
2023-05-10T13:55:58,17,9,0,26
2023-05-10T14:05:24,17,9,0,26
2023-05-10T14:14:50,17,9,0,26
2023-05-10T14:24:16,17,9,0,26
2023-05-10T14:33:41,17,9,0,26
2023-05-10T14:43:07,17,9,0,26
2023-05-10T14:52:33,17,9,0,26
2023-05-10T15:02:10,17,9,0,26
2023-05-10T15:11:36,17,9,0,26
2023-05-10T15:21:02,17,9,0,26
2023-05-10T15:30:28,17,9,0,26
2023-05-10T15:39:54,17,9,0,26
2023-05-10T15:49:21,17,9,0,26
2023-05-10T15:58:47,17,9,0,26
2023-05-10T16:08:13,17,9,0,26
2023-05-10T16:17:38,17,9,0,26
2023-05-10T16:27:04,17,9,0,26
2023-05-10T16:36:30,17,9,0,26
2023-05-10T16:45:56,17,9,0,26
2023-05-10T16:55:22,17,9,0,26
2023-05-10T17:05:07,17,9,0,26
2023-05-10T17:14:34,17,9,0,26
2023-05-10T17:24:00,17,9,0,26
2023-05-10T17:33:26,17,9,0,26
2023-05-10T17:42:52,17,9,0,26
2023-05-10T17:52:18,17,9,0,26
2023-05-10T18:01:44,17,9,0,26
2023-05-10T18:11:09,17,9,0,26
2023-05-10T18:20:34,17,9,0,26
2023-05-10T18:30:00,17,9,0,26
2023-05-10T18:39:25,17,9,0,26
2023-05-10T18:48:51,17,9,0,26
2023-05-10T18:58:16,17,9,0,26
2023-05-10T19:07:42,17,9,0,26
2023-05-10T19:17:07,17,9,0,26
2023-05-10T19:26:33,17,9,0,26
2023-05-10T19:35:59,17,9,0,26
2023-05-10T19:45:25,17,9,0,26
2023-05-10T19:55:01,17,9,0,26
2023-05-10T20:04:27,17,9,0,26
2023-05-10T20:13:53,17,9,0,26
2023-05-10T20:23:18,17,9,0,26
2023-05-10T20:32:43,17,9,0,26
2023-05-10T20:42:08,17,9,0,26
2023-05-10T20:51:34,17,9,0,26
2023-05-10T21:01:00,17,9,0,26
2023-05-10T21:10:25,17,9,0,26
2023-05-10T21:19:51,17,9,0,26
2023-05-10T21:29:16,17,9,0,26
2023-05-10T21:38:42,17,9,0,26
2023-05-10T21:48:07,17,9,0,26
2023-05-10T21:57:33,17,9,0,26
2023-05-10T22:06:59,17,9,0,26
2023-05-10T22:16:25,17,9,0,26
2023-05-10T22:25:51,17,9,0,26
2023-05-10T22:35:36,17,9,0,26
2023-05-10T22:45:02,17,9,0,26
2023-05-10T22:54:27,17,9,0,26
2023-05-10T23:03:53,17,9,0,26
2023-05-10T23:13:19,17,9,0,26
2023-05-10T23:22:45,17,9,0,26
2023-05-10T23:32:11,17,9,0,26
2023-05-10T23:41:37,17,9,0,26
2023-05-10T23:51:02,17,9,0,26
2023-05-11T00:00:28,17,9,0,26
2023-05-11T00:09:56,17,9,0,26
2023-05-11T00:19:31,17,9,0,26
2023-05-11T00:28:59,17,9,0,26
2023-05-11T00:38:29,17,9,0,26
2023-05-11T00:47:59,17,9,0,26
2023-05-11T00:57:28,17,9,0,26
2023-05-11T01:06:58,17,9,0,26
2023-05-11T01:16:27,17,9,0,26
2023-05-11T01:25:55,17,9,0,26
2023-05-11T01:35:22,17,9,0,26
2023-05-11T01:44:49,17,9,0,26
2023-05-11T01:54:30,17,9,0,26
2023-05-11T02:03:58,17,9,0,26
2023-05-11T02:13:25,17,9,0,26
2023-05-11T02:22:52,17,9,0,26
2023-05-11T02:32:18,17,9,0,26
2023-05-11T02:41:45,17,9,0,26
2023-05-11T02:51:10,17,9,0,26
2023-05-11T03:00:36,17,9,0,26
2023-05-11T03:10:05,17,9,0,26
2023-05-11T03:19:35,17,9,0,26
2023-05-11T03:29:22,17,9,0,26
2023-05-11T03:38:52,17,9,0,26
2023-05-11T03:48:22,17,9,0,26
2023-05-11T03:57:50,17,9,0,26
2023-05-11T04:07:19,17,9,0,26
2023-05-11T04:18:25,17,9,0,26
2023-05-11T04:29:26,17,9,0,26
2023-05-11T04:38:56,17,9,0,26
2023-05-11T04:48:25,17,9,0,26
2023-05-11T04:57:54,17,9,0,26
2023-05-11T05:07:23,17,9,0,26
2023-05-11T05:16:51,17,9,0,26
2023-05-11T05:26:21,17,9,0,26
2023-05-11T05:35:51,17,9,0,26
2023-05-11T05:45:20,17,9,0,26
2023-05-11T05:54:49,17,9,0,26
2023-05-11T06:04:19,17,9,0,26
2023-05-11T06:13:48,17,9,0,26
2023-05-11T06:23:16,17,9,0,26
2023-05-11T06:32:45,17,9,0,26
2023-05-11T06:42:13,17,9,0,26
2023-05-11T06:51:41,17,9,0,26
2023-05-11T07:01:08,17,9,0,26
2023-05-11T07:10:39,17,9,0,26
2023-05-11T07:20:06,17,9,0,26
2023-05-11T07:29:33,17,9,0,26
2023-05-11T07:39:00,17,9,0,26
2023-05-11T07:48:28,17,9,0,26
2023-05-11T07:57:56,17,9,0,26
2023-05-11T08:07:40,17,9,0,26
2023-05-11T08:17:06,17,9,0,26
2023-05-11T08:26:33,17,9,0,26
2023-05-11T08:36:00,17,9,0,26
2023-05-11T08:45:26,17,9,0,26
2023-05-11T08:54:51,17,9,0,26
2023-05-11T09:04:16,17,9,0,26
2023-05-11T09:13:42,17,9,0,26
2023-05-11T09:23:07,17,9,0,26
2023-05-11T09:32:33,17,9,0,26
2023-05-11T09:41:58,17,9,0,26
2023-05-11T09:51:24,17,9,0,26
2023-05-11T10:00:50,17,9,0,26
2023-05-11T10:10:15,17,9,0,26
2023-05-11T10:19:41,17,9,0,26
2023-05-11T10:29:09,17,9,0,26
2023-05-11T10:38:34,17,9,0,26
2023-05-11T10:48:00,17,9,0,26
2023-05-11T10:57:44,17,9,0,26
2023-05-11T11:07:10,17,9,0,26
2023-05-11T11:16:36,17,9,0,26
2023-05-11T11:26:01,17,9,0,26
2023-05-11T11:35:27,17,9,0,26
2023-05-11T11:44:53,17,9,0,26
2023-05-11T11:54:18,17,9,0,26
2023-05-11T12:03:44,17,9,0,26
2023-05-11T12:13:10,17,9,0,26
2023-05-11T12:22:35,17,9,0,26
2023-05-11T12:32:01,17,9,0,26
2023-05-11T12:41:27,17,9,0,26
2023-05-11T12:50:52,17,9,0,26
2023-05-11T13:00:18,17,9,0,26
2023-05-11T13:09:43,17,9,0,26
2023-05-11T13:19:09,17,9,0,26
2023-05-11T13:28:46,17,9,0,26
2023-05-11T13:38:11,17,9,0,26
2023-05-11T13:47:37,17,9,0,26
2023-05-11T13:57:03,17,9,0,26
2023-05-11T14:06:29,17,9,0,26
2023-05-11T14:15:54,17,9,0,26
2023-05-11T14:25:20,17,9,0,26
2023-05-11T14:34:46,17,9,0,26
2023-05-11T14:44:12,17,9,0,26
2023-05-11T14:53:38,17,9,0,26
2023-05-11T15:03:03,17,9,0,26
2023-05-11T15:12:29,17,9,0,26
2023-05-11T15:22:04,17,9,0,26
2023-05-11T15:31:30,17,9,0,26
2023-05-11T15:40:55,17,9,0,26
2023-05-11T15:50:20,17,9,0,26
2023-05-11T15:59:45,17,9,0,26
2023-05-11T16:09:11,17,9,0,26
2023-05-11T16:18:37,17,9,0,26
2023-05-11T16:28:02,17,9,0,26
2023-05-11T16:37:28,17,9,0,26
2023-05-11T16:46:53,17,9,0,26
2023-05-11T16:56:20,17,9,0,26
2023-05-11T17:05:46,17,9,0,26
2023-05-11T17:15:12,17,9,0,26
2023-05-11T17:24:38,17,9,0,26
2023-05-11T17:34:04,17,9,0,26
2023-05-11T17:43:49,17,9,0,26
2023-05-11T17:53:14,17,9,0,26
2023-05-11T18:02:40,17,9,0,26
2023-05-11T18:12:06,17,9,0,26
2023-05-11T18:21:31,17,9,0,26
2023-05-11T18:30:57,17,9,0,26
2023-05-11T18:40:23,17,9,0,26
2023-05-11T18:49:48,17,9,0,26
2023-05-11T18:59:14,17,9,0,26
2023-05-11T19:08:40,17,9,0,26
2023-05-11T19:18:05,17,9,0,26
2023-05-11T19:27:31,17,9,0,26
2023-05-11T19:36:57,17,9,0,26
2023-05-11T19:46:23,17,9,0,26
2023-05-11T19:55:49,17,9,0,26
2023-05-11T20:05:17,17,9,0,26
2023-05-11T20:14:43,17,9,0,26
2023-05-11T20:24:08,17,9,0,26
2023-05-11T20:33:44,17,9,0,26
2023-05-11T20:43:10,17,9,0,26
2023-05-11T20:52:35,17,9,0,26
2023-05-11T21:02:01,17,9,0,26
2023-05-11T21:11:27,17,9,0,26
2023-05-11T21:20:52,17,9,0,26
2023-05-11T21:30:18,17,9,0,26
2023-05-11T21:39:44,17,9,0,26
2023-05-11T21:49:09,17,9,0,26
2023-05-11T21:58:35,17,9,0,26
2023-05-11T22:08:00,17,9,0,26
2023-05-11T22:17:26,17,9,0,26
2023-05-11T22:26:51,17,9,0,26
2023-05-11T22:36:17,17,9,0,26
2023-05-11T22:45:42,17,9,0,26
2023-05-11T22:55:08,17,9,0,26
2023-05-11T23:04:35,17,9,0,26
2023-05-11T23:14:01,17,9,0,26
2023-05-11T23:23:36,17,9,0,26
2023-05-11T23:33:02,17,9,0,26
2023-05-11T23:42:28,17,9,0,26
2023-05-11T23:51:54,17,9,0,26
2023-05-12T00:01:20,17,9,0,26
2023-05-12T00:10:48,17,9,0,26
2023-05-12T00:20:25,17,9,0,26
2023-05-12T00:29:53,17,9,0,26
2023-05-12T00:39:23,17,9,0,26
2023-05-12T00:48:53,17,9,0,26
2023-05-12T00:58:23,17,9,0,26
2023-05-12T01:07:52,17,9,0,26
2023-05-12T01:17:21,17,9,0,26
2023-05-12T01:26:51,17,9,0,26
2023-05-12T01:36:20,17,9,0,26
2023-05-12T01:45:48,17,9,0,26
2023-05-12T01:55:19,17,9,0,26
2023-05-12T02:04:47,17,9,0,26
2023-05-12T02:14:13,17,9,0,26
2023-05-12T02:23:40,17,9,0,26
2023-05-12T02:33:25,17,9,0,26
2023-05-12T02:42:54,17,9,0,26
2023-05-12T02:52:42,17,9,0,26
2023-05-12T03:02:12,17,9,0,26
2023-05-12T03:11:42,17,9,0,26
2023-05-12T03:21:11,17,9,0,26
2023-05-12T03:30:40,17,9,0,26
2023-05-12T03:40:08,17,9,0,26
2023-05-12T03:49:37,17,9,0,26
2023-05-12T03:59:05,17,9,0,26
2023-05-12T04:18:19,17,9,0,26
2023-05-12T04:27:49,17,9,0,26
2023-05-12T04:37:29,17,9,0,26
2023-05-12T04:48:29,17,9,0,26
2023-05-12T04:57:57,17,9,0,26
2023-05-12T05:07:26,17,9,0,26
2023-05-12T05:16:54,17,9,0,26
2023-05-12T05:26:23,17,9,0,26
2023-05-12T05:35:52,17,9,0,26
2023-05-12T05:45:21,17,9,0,26
2023-05-12T05:54:52,17,9,0,26
2023-05-12T06:04:20,17,9,0,26
2023-05-12T06:13:48,17,9,0,26
2023-05-12T06:23:16,17,9,0,26
2023-05-12T06:32:44,17,9,0,26
2023-05-12T06:42:13,17,9,0,26
2023-05-12T06:51:40,17,9,0,26
2023-05-12T07:01:08,17,9,0,26
2023-05-12T07:10:36,17,9,0,26
2023-05-12T07:20:03,17,9,0,26
2023-05-12T07:29:30,17,9,0,26
2023-05-12T07:38:59,17,9,0,26
2023-05-12T07:48:26,17,9,0,26
2023-05-12T07:57:53,17,9,0,26
2023-05-12T08:07:19,17,9,0,26
2023-05-12T08:16:44,17,9,0,26
2023-05-12T08:26:09,17,9,0,26
2023-05-12T08:35:35,17,9,0,26
2023-05-12T08:45:00,17,9,0,26
2023-05-12T08:54:25,17,9,0,26
2023-05-12T09:03:50,17,9,0,26
2023-05-12T09:13:26,17,9,0,26
2023-05-12T09:22:51,17,9,0,26
2023-05-12T09:32:16,17,9,0,26
2023-05-12T09:41:41,17,9,0,26
2023-05-12T09:51:07,17,9,0,26
2023-05-12T10:00:32,17,9,0,26
2023-05-12T10:09:57,17,9,0,26
2023-05-12T10:19:22,17,9,0,26
2023-05-12T10:28:48,17,9,0,26
2023-05-12T10:38:14,17,9,0,26
2023-05-12T10:47:39,17,9,0,26
2023-05-12T10:57:05,17,9,0,26
2023-05-12T11:06:30,17,9,0,26
2023-05-12T11:15:56,17,9,0,26
2023-05-12T11:25:22,17,9,0,26
2023-05-12T11:34:47,17,9,0,26
2023-05-12T11:44:12,17,9,0,26
2023-05-12T11:53:38,17,9,0,26
2023-05-12T12:03:14,17,9,0,26
2023-05-12T12:12:39,17,9,0,26
2023-05-12T12:22:04,17,9,0,26
2023-05-12T12:31:29,17,9,0,26
2023-05-12T12:40:55,17,9,0,26
2023-05-12T12:50:20,17,9,0,26
2023-05-12T12:59:45,17,9,0,26
2023-05-12T13:09:10,17,9,0,26
2023-05-12T13:18:36,17,9,0,26
2023-05-12T13:28:01,17,9,0,26
2023-05-12T13:37:28,17,9,0,26
2023-05-12T13:46:53,17,9,0,26
2023-05-12T13:56:18,17,9,0,26
2023-05-12T14:05:43,17,9,0,26
2023-05-12T14:15:08,17,9,0,26
2023-05-12T14:24:34,17,9,0,26
2023-05-12T14:34:10,17,9,0,26
2023-05-12T14:43:35,17,9,0,26
2023-05-12T14:53:00,17,9,0,26
2023-05-12T15:02:26,17,9,0,26
2023-05-12T15:11:51,17,9,0,26
2023-05-12T15:21:16,17,9,0,26
2023-05-12T15:30:41,17,9,0,26
2023-05-12T15:40:07,17,9,0,26
2023-05-12T15:49:32,17,9,0,26
2023-05-12T15:58:57,17,9,0,26
2023-05-12T16:08:22,17,9,0,26
2023-05-12T16:17:47,17,9,0,26
2023-05-12T16:27:24,17,9,0,26
2023-05-12T16:36:49,17,9,0,26
2023-05-12T16:46:15,17,9,0,26
2023-05-12T16:55:40,17,9,0,26
2023-05-12T17:05:06,17,9,0,26
2023-05-12T17:14:33,17,9,0,26
2023-05-12T17:23:58,17,9,0,26
2023-05-12T17:33:24,17,9,0,26
2023-05-12T17:42:49,17,9,0,26
2023-05-12T17:52:15,17,9,0,26
2023-05-12T18:01:40,17,9,0,26
2023-05-12T18:11:05,17,9,0,26
2023-05-12T18:20:31,17,9,0,26
2023-05-12T18:29:57,17,9,0,26
2023-05-12T18:39:22,17,9,0,26
2023-05-12T18:48:48,17,9,0,26
2023-05-12T18:58:13,17,9,0,26
2023-05-12T19:07:50,17,9,0,26
2023-05-12T19:17:15,17,9,0,26
2023-05-12T19:26:41,17,9,0,26
2023-05-12T19:36:06,17,9,0,26
2023-05-12T19:45:32,17,9,0,26
2023-05-12T19:54:58,17,9,0,26
2023-05-12T20:04:23,17,9,0,26
2023-05-12T20:13:49,17,9,0,26
2023-05-12T20:23:14,17,9,0,26
2023-05-12T20:32:40,17,9,0,26
2023-05-12T20:42:06,17,9,0,26
2023-05-12T20:51:31,17,9,0,26
2023-05-12T21:00:56,17,9,0,26
2023-05-12T21:10:22,17,9,0,26
2023-05-12T21:19:47,17,9,0,26
2023-05-12T21:29:13,17,9,0,26
2023-05-12T21:38:38,17,9,0,26
2023-05-12T21:48:04,17,9,0,26
2023-05-12T21:57:29,17,9,0,26
2023-05-12T22:06:55,17,9,0,26
2023-05-12T22:16:20,17,9,0,26
2023-05-12T22:25:45,17,9,0,26
2023-05-12T22:35:21,17,9,0,26
2023-05-12T22:44:46,17,9,0,26
2023-05-12T22:54:12,17,9,0,26
2023-05-12T23:03:37,17,9,0,26
2023-05-12T23:13:03,17,9,0,26
2023-05-12T23:22:29,17,9,0,26
2023-05-12T23:31:55,17,9,0,26
2023-05-12T23:41:21,17,9,0,26
2023-05-12T23:50:47,17,9,0,26
2023-05-13T00:00:13,17,9,0,26
2023-05-13T00:09:40,17,9,0,26
2023-05-13T00:19:15,17,9,0,26
2023-05-13T00:28:44,17,9,0,26
2023-05-13T00:38:13,17,9,0,26
2023-05-13T00:47:42,17,9,0,26
2023-05-13T00:57:12,17,9,0,26
2023-05-13T01:06:52,17,9,0,26
2023-05-13T01:16:20,17,9,0,26
2023-05-13T01:25:50,17,9,0,26
2023-05-13T01:35:20,17,9,0,26
2023-05-13T01:44:51,17,9,0,26
2023-05-13T01:54:21,17,9,0,26
2023-05-13T02:03:50,17,9,0,26
2023-05-13T02:13:21,17,9,0,26
2023-05-13T02:22:48,17,9,0,26
2023-05-13T02:32:14,17,9,0,26
2023-05-13T02:41:40,17,9,0,26
2023-05-13T02:51:06,17,9,0,26
2023-05-13T03:00:31,17,9,0,26
2023-05-13T03:09:58,17,9,0,26
2023-05-13T03:19:27,17,9,0,26
2023-05-13T03:28:54,17,9,0,26
2023-05-13T03:38:21,17,9,0,26
2023-05-13T03:47:48,17,9,0,26
2023-05-13T03:57:19,17,9,0,26
2023-05-13T04:07:06,17,9,0,26
2023-05-13T04:23:10,17,9,0,26
2023-05-13T04:33:09,17,9,0,26
2023-05-13T04:42:39,17,9,0,26
2023-05-13T04:52:09,17,9,0,26
2023-05-13T05:01:38,17,9,0,26
2023-05-13T05:11:06,17,9,0,26
2023-05-13T05:20:35,17,9,0,26
2023-05-13T05:30:03,17,9,0,26
2023-05-13T05:39:32,17,9,0,26
2023-05-13T05:49:18,17,9,0,26
2023-05-13T05:58:47,17,9,0,26
2023-05-13T06:08:15,17,9,0,26
2023-05-13T06:17:43,17,9,0,26
2023-05-13T06:27:20,17,9,0,26
2023-05-13T06:36:49,17,9,0,26
2023-05-13T06:46:18,17,9,0,26
2023-05-13T06:55:46,17,9,0,26
2023-05-13T07:05:14,17,9,0,26
2023-05-13T07:14:42,17,9,0,26
2023-05-13T07:24:10,17,9,0,26
2023-05-13T07:33:37,17,9,0,26
2023-05-13T07:43:04,17,9,0,26
2023-05-13T07:52:50,17,9,0,26
2023-05-13T08:02:18,17,9,0,26
2023-05-13T08:11:46,17,9,0,26
2023-05-13T08:21:14,17,9,0,26
2023-05-13T08:30:42,17,9,0,26
2023-05-13T08:40:12,17,9,0,26
2023-05-13T08:49:40,17,9,0,26
2023-05-13T08:59:08,17,9,0,26
2023-05-13T09:08:36,17,9,0,26
2023-05-13T09:18:04,17,9,0,26
2023-05-13T09:27:32,17,9,0,26
2023-05-13T09:37:00,17,9,0,26
2023-05-13T09:46:28,17,9,0,26
2023-05-13T09:55:54,17,9,0,26
2023-05-13T10:05:22,17,9,0,26
2023-05-13T10:14:49,17,9,0,26
2023-05-13T10:24:25,17,9,0,26
2023-05-13T10:33:52,17,9,0,26
2023-05-13T10:43:18,17,9,0,26
2023-05-13T10:52:45,17,9,0,26
2023-05-13T11:02:10,17,9,0,26
2023-05-13T11:11:36,17,9,0,26
2023-05-13T11:21:01,17,9,0,26
2023-05-13T11:30:25,17,9,0,26
2023-05-13T11:39:51,17,9,0,26
2023-05-13T11:49:16,17,9,0,26
2023-05-13T11:58:41,17,9,0,26
2023-05-13T12:08:06,17,9,0,26
2023-05-13T12:17:32,17,9,0,26
2023-05-13T12:26:57,17,9,0,26
2023-05-13T12:36:23,17,9,0,26
2023-05-13T12:45:48,17,9,0,26
2023-05-13T12:55:13,17,9,0,26
2023-05-13T13:04:39,17,9,0,26
2023-05-13T13:14:04,17,9,0,26
2023-05-13T13:23:29,17,9,0,26
2023-05-13T13:32:56,17,9,0,26
2023-05-13T13:42:21,17,9,0,26
2023-05-13T13:52:06,17,9,0,26
2023-05-13T14:01:31,17,9,0,26
2023-05-13T14:10:56,17,9,0,26
2023-05-13T14:20:21,17,9,0,26
2023-05-13T14:29:46,17,9,0,26
2023-05-13T14:39:11,17,9,0,26
2023-05-13T14:48:36,17,9,0,26
2023-05-13T14:58:01,17,9,0,26
2023-05-13T15:07:26,17,9,0,26
2023-05-13T15:16:51,17,9,0,26
2023-05-13T15:26:16,17,9,0,26
2023-05-13T15:35:41,17,9,0,26
2023-05-13T15:45:06,17,9,0,26
2023-05-13T15:54:31,17,9,0,26
2023-05-13T16:03:56,17,9,0,26
2023-05-13T16:13:22,17,9,0,26
2023-05-13T16:22:47,17,9,0,26
2023-05-13T16:32:12,17,9,0,26
2023-05-13T16:41:37,17,9,0,26
2023-05-13T16:51:02,17,9,0,26
2023-05-13T17:00:27,17,9,0,26
2023-05-13T17:09:53,17,9,0,26
2023-05-13T17:19:19,17,9,0,26
2023-05-13T17:29:02,17,9,0,26
2023-05-13T17:38:27,17,9,0,26
2023-05-13T17:47:53,17,9,0,26
2023-05-13T17:57:18,17,9,0,26
2023-05-13T18:06:43,17,9,0,26
2023-05-13T18:16:09,17,9,0,26
2023-05-13T18:25:34,17,9,0,26
2023-05-13T18:34:59,17,9,0,26
2023-05-13T18:44:25,17,9,0,26
2023-05-13T18:53:50,17,9,0,26
2023-05-13T19:03:16,17,9,0,26
2023-05-13T19:12:42,17,9,0,26
2023-05-13T19:22:07,17,9,0,26
2023-05-13T19:31:33,17,9,0,26
2023-05-13T19:40:58,17,9,0,26
2023-05-13T19:50:24,17,9,0,26
2023-05-13T19:59:49,17,9,0,26
2023-05-13T20:09:15,17,9,0,26
2023-05-13T20:18:40,17,9,0,26
2023-05-13T20:28:06,17,9,0,26
2023-05-13T20:37:32,17,9,0,26
2023-05-13T20:46:57,17,9,0,26
2023-05-13T20:56:22,17,9,0,26
2023-05-13T21:05:47,17,9,0,26
2023-05-13T21:15:13,17,9,0,26
2023-05-13T21:24:38,17,9,0,26
2023-05-13T21:34:04,17,9,0,26
2023-05-13T21:43:29,17,9,0,26
2023-05-13T21:53:04,17,9,0,26
2023-05-13T22:02:57,17,9,0,26
2023-05-13T22:43:12,17,9,0,26
2023-05-13T22:52:38,17,9,0,26
2023-05-13T23:02:03,17,9,0,26
2023-05-13T23:11:30,17,9,0,26
2023-05-13T23:20:56,17,9,0,26
2023-05-13T23:30:21,17,9,0,26
2023-05-13T23:39:47,17,9,0,26
2023-05-13T23:49:13,17,9,0,26
2023-05-13T23:58:38,17,9,0,26
2023-05-14T00:08:05,17,9,0,26
2023-05-14T00:17:35,17,9,0,26
2023-05-14T00:27:03,17,9,0,26
2023-05-14T00:36:31,17,9,0,26
2023-05-14T00:46:00,17,9,0,26
2023-05-14T00:55:29,17,9,0,26
2023-05-14T01:04:57,17,9,0,26
2023-05-14T01:14:23,17,9,0,26
2023-05-14T01:23:50,17,9,0,26
2023-05-14T01:33:28,17,9,0,26
2023-05-14T01:42:57,17,9,0,26
2023-05-14T01:52:26,17,9,0,26
2023-05-14T02:01:55,17,9,0,26
2023-05-14T02:11:25,17,9,0,26
2023-05-14T02:20:53,17,9,0,26
2023-05-14T02:30:22,17,9,0,26
2023-05-14T02:39:50,17,9,0,26
2023-05-14T02:49:18,17,9,0,26
2023-05-14T02:58:45,17,9,0,26
2023-05-14T03:08:13,17,9,0,26
2023-05-14T03:17:42,17,9,0,26
2023-05-14T03:27:11,17,9,0,26
2023-05-14T03:36:38,17,9,0,26
2023-05-14T03:46:06,17,9,0,26
2023-05-14T03:55:35,17,9,0,26
2023-05-14T04:05:03,17,9,0,26
2023-05-14T04:14:32,17,9,0,26
2023-05-14T04:27:57,17,9,0,26
2023-05-14T04:38:39,17,9,0,26
2023-05-14T04:48:26,17,9,0,26
2023-05-14T04:57:54,17,9,0,26
2023-05-14T05:07:22,17,9,0,26
2023-05-14T05:16:52,17,9,0,26
2023-05-14T05:26:20,17,9,0,26
2023-05-14T05:35:50,17,9,0,26
2023-05-14T05:45:19,17,9,0,26
2023-05-14T05:54:48,17,9,0,26
2023-05-14T06:04:16,17,9,0,26
2023-05-14T06:13:44,17,9,0,26
2023-05-14T06:23:13,17,9,0,26
2023-05-14T06:32:41,17,9,0,26
2023-05-14T06:42:09,17,9,0,26
2023-05-14T06:51:36,17,9,0,26
2023-05-14T07:01:03,17,9,0,26
2023-05-14T07:10:31,17,9,0,26
2023-05-14T07:19:57,17,9,0,26
2023-05-14T07:29:22,17,9,0,26
2023-05-14T07:38:48,17,9,0,26
2023-05-14T07:48:14,17,9,0,26
2023-05-14T07:57:41,17,9,0,26
2023-05-14T08:07:06,17,9,0,26
2023-05-14T08:16:33,17,9,0,26
2023-05-14T08:26:00,17,9,0,26
2023-05-14T08:35:27,17,9,0,26
2023-05-14T08:44:53,17,9,0,26
2023-05-14T08:54:18,17,9,0,26
2023-05-14T09:03:44,17,9,0,26
2023-05-14T09:13:10,17,9,0,26
2023-05-14T09:22:36,17,9,0,26
2023-05-14T09:32:02,17,9,0,26
2023-05-14T09:41:28,17,9,0,26
2023-05-14T09:50:53,17,9,0,26
2023-05-14T10:00:18,17,9,0,26
2023-05-14T10:09:43,17,9,0,26
2023-05-14T10:19:08,17,9,0,26
2023-05-14T10:28:33,17,9,0,26
2023-05-14T10:38:07,17,9,0,26
2023-05-14T10:47:33,17,9,0,26
2023-05-14T10:56:58,17,9,0,26
2023-05-14T11:06:23,17,9,0,26
2023-05-14T11:15:48,17,9,0,26
2023-05-14T11:25:13,17,9,0,26
2023-05-14T11:34:38,17,9,0,26
2023-05-14T11:44:04,17,9,0,26
2023-05-14T11:53:29,17,9,0,26
2023-05-14T12:02:54,17,9,0,26
2023-05-14T12:12:20,17,9,0,26
2023-05-14T12:21:45,17,9,0,26
2023-05-14T12:31:10,17,9,0,26
2023-05-14T12:40:35,17,9,0,26
2023-05-14T12:50:00,17,9,0,26
2023-05-14T12:59:25,17,9,0,26
2023-05-14T13:08:50,17,9,0,26
2023-05-14T13:18:15,17,9,0,26
2023-05-14T13:27:40,17,9,0,26
2023-05-14T13:37:05,17,9,0,26
2023-05-14T13:46:30,17,9,0,26
2023-05-14T13:55:56,17,9,0,26
2023-05-14T14:05:21,17,9,0,26
2023-05-14T14:14:46,17,9,0,26
2023-05-14T14:24:11,17,9,0,26
2023-05-14T14:33:35,17,9,0,26
2023-05-14T14:43:00,17,9,0,26
2023-05-14T14:52:36,17,9,0,26
2023-05-14T15:02:01,17,9,0,26
2023-05-14T15:11:26,17,9,0,26
2023-05-14T15:20:52,17,9,0,26
2023-05-14T15:30:17,17,9,0,26
2023-05-14T15:39:42,17,9,0,26
2023-05-14T15:49:07,17,9,0,26
2023-05-14T15:58:32,17,9,0,26
2023-05-14T16:07:57,17,9,0,26
2023-05-14T16:17:23,17,9,0,26
2023-05-14T16:26:49,17,9,0,26
2023-05-14T16:36:14,17,9,0,26
2023-05-14T16:45:39,17,9,0,26
2023-05-14T16:55:04,17,9,0,26
2023-05-14T17:04:30,17,9,0,26
2023-05-14T17:13:57,17,9,0,26
2023-05-14T17:23:22,17,9,0,26
2023-05-14T17:32:47,17,9,0,26
2023-05-14T17:42:13,17,9,0,26
2023-05-14T17:51:38,17,9,0,26
2023-05-14T18:01:03,17,9,0,26
2023-05-14T18:10:28,17,9,0,26
2023-05-14T18:19:53,17,9,0,26
2023-05-14T18:29:18,17,9,0,26
2023-05-14T18:38:53,17,9,0,26
2023-05-14T18:48:19,17,9,0,26
2023-05-14T18:57:44,17,9,0,26
2023-05-14T19:07:12,17,9,0,26
2023-05-14T19:16:38,17,9,0,26
2023-05-14T19:26:04,17,9,0,26
2023-05-14T19:35:30,17,9,0,26
2023-05-14T19:44:55,17,9,0,26
2023-05-14T19:54:21,17,9,0,26
2023-05-14T20:03:46,17,9,0,26
2023-05-14T20:13:12,17,9,0,26
2023-05-14T20:22:39,17,9,0,26
2023-05-14T20:32:05,17,9,0,26
2023-05-14T20:41:31,17,9,0,26
2023-05-14T20:50:56,17,9,0,26
2023-05-14T21:00:21,17,9,0,26
2023-05-14T21:09:46,17,9,0,26
2023-05-14T21:19:12,17,9,0,26
2023-05-14T21:28:38,17,9,0,26
2023-05-14T21:38:04,17,9,0,26
2023-05-14T21:47:30,17,9,0,26
2023-05-14T21:56:56,17,9,0,26
2023-05-14T22:06:21,17,9,0,26
2023-05-14T22:15:56,17,9,0,26
2023-05-14T22:25:23,17,9,0,26
2023-05-14T22:34:49,17,9,0,26
2023-05-14T22:44:14,17,9,0,26
2023-05-14T22:53:39,17,9,0,26
2023-05-14T23:03:06,17,9,0,26
2023-05-14T23:12:31,17,9,0,26
2023-05-14T23:21:57,17,9,0,26
2023-05-14T23:31:23,17,9,0,26
2023-05-14T23:40:49,17,9,0,26
2023-05-14T23:50:17,17,9,0,26
2023-05-14T23:59:43,17,9,0,26
2023-05-15T00:09:10,17,9,0,26
2023-05-15T00:18:42,17,9,0,26
2023-05-15T00:28:16,17,9,0,26
2023-05-15T00:37:47,17,9,0,26
2023-05-15T00:47:14,17,9,0,26
2023-05-15T00:56:42,17,9,0,26
2023-05-15T01:06:07,17,9,0,26
2023-05-15T01:15:37,17,9,0,26
2023-05-15T01:25:09,17,9,0,26
2023-05-15T01:34:38,17,9,0,26
2023-05-15T01:44:08,17,9,0,26
2023-05-15T01:53:49,17,9,0,26
2023-05-15T02:03:24,17,9,0,26
2023-05-15T02:13:04,17,9,0,26
2023-05-15T02:22:33,17,9,0,26
2023-05-15T02:32:01,17,9,0,26
2023-05-15T02:41:28,17,9,0,26
2023-05-15T02:50:55,17,9,0,26
2023-05-15T03:00:22,17,9,0,26
2023-05-15T03:09:51,17,9,0,26
2023-05-15T03:19:20,17,9,0,26
2023-05-15T03:28:49,17,9,0,26
2023-05-15T03:38:16,17,9,0,26
2023-05-15T03:47:44,17,9,0,26
2023-05-15T03:57:11,17,9,0,26
2023-05-15T04:06:39,17,9,0,26
2023-05-15T04:19:13,17,9,0,26
2023-05-15T04:29:05,17,9,0,26
2023-05-15T04:38:35,17,9,0,26
2023-05-15T04:48:04,17,9,0,26
2023-05-15T04:57:33,17,9,0,26
2023-05-15T05:07:01,17,9,0,26
2023-05-15T05:16:29,17,9,0,26
2023-05-15T05:25:58,17,9,0,26
2023-05-15T05:35:28,17,9,0,26
2023-05-15T05:44:57,17,9,0,26
2023-05-15T05:54:27,17,9,0,26
2023-05-15T06:03:56,17,9,0,26
2023-05-15T06:13:24,17,9,0,26
2023-05-15T06:22:53,17,9,0,26
2023-05-15T06:32:21,17,9,0,26
2023-05-15T06:41:49,17,9,0,26
2023-05-15T06:51:17,17,9,0,26
2023-05-15T07:00:45,17,9,0,26
2023-05-15T07:10:12,17,9,0,26
2023-05-15T07:19:37,17,9,0,26
2023-05-15T07:29:05,17,9,0,26
2023-05-15T07:38:31,17,9,0,26
2023-05-15T07:48:00,17,9,0,26
2023-05-15T07:57:25,17,9,0,26
2023-05-15T08:06:50,17,9,0,26
2023-05-15T08:16:15,17,9,0,26
2023-05-15T08:25:41,17,9,0,26
2023-05-15T08:35:07,17,9,0,26
2023-05-15T08:44:32,17,9,0,26
2023-05-15T08:53:57,17,9,0,26
2023-05-15T09:03:22,17,9,0,26
2023-05-15T09:12:47,17,9,0,26
2023-05-15T09:22:12,17,9,0,26
2023-05-15T09:31:53,17,9,0,26
2023-05-15T09:41:18,17,9,0,26
2023-05-15T09:50:43,17,9,0,26
2023-05-15T10:00:09,17,9,0,26
2023-05-15T10:09:34,17,9,0,26
2023-05-15T10:18:59,17,9,0,26
2023-05-15T10:28:23,17,9,0,26
2023-05-15T10:37:48,17,9,0,26
2023-05-15T10:47:14,17,9,0,26
2023-05-15T10:56:39,17,9,0,26
2023-05-15T11:06:04,17,9,0,26
2023-05-15T11:15:29,17,9,0,26
2023-05-15T11:24:54,17,9,0,26
2023-05-15T11:34:19,17,9,0,26
2023-05-15T11:43:44,17,9,0,26
2023-05-15T11:53:09,17,9,0,26
2023-05-15T12:02:45,17,9,0,26
2023-05-15T12:12:09,17,9,0,26
2023-05-15T12:21:34,17,9,0,26
2023-05-15T12:31:00,17,9,0,26
2023-05-15T12:40:25,17,9,0,26
2023-05-15T12:49:50,17,9,0,26
2023-05-15T12:59:15,17,9,0,26
2023-05-15T13:08:40,17,9,0,26
2023-05-15T13:18:05,17,9,0,26
2023-05-15T13:27:30,17,9,0,26
2023-05-15T13:36:55,17,9,0,26
2023-05-15T13:46:20,17,9,0,26
2023-05-15T13:55:45,17,9,0,26
2023-05-15T14:05:28,17,9,0,26
2023-05-15T14:14:53,17,9,0,26
2023-05-15T14:24:18,17,9,0,26
2023-05-15T14:33:43,17,9,0,26
2023-05-15T14:43:09,17,9,0,26
2023-05-15T14:52:34,17,9,0,26
2023-05-15T15:01:58,17,9,0,26
2023-05-15T15:11:23,17,9,0,26
2023-05-15T15:20:48,17,9,0,26
2023-05-15T15:30:13,17,9,0,26
2023-05-15T15:39:38,17,9,0,26
2023-05-15T15:49:03,17,9,0,26
2023-05-15T15:58:28,17,9,0,26
2023-05-15T16:07:53,17,9,0,26
2023-05-15T16:17:28,17,9,0,26
2023-05-15T16:26:53,17,9,0,26
2023-05-15T16:36:17,17,9,0,26
2023-05-15T16:45:42,17,9,0,26
2023-05-15T16:55:07,17,9,0,26
2023-05-15T17:04:31,17,9,0,26
2023-05-15T17:13:58,17,9,0,26
2023-05-15T17:23:23,17,9,0,26
2023-05-15T17:32:47,17,9,0,26
2023-05-15T17:42:12,17,9,0,26
2023-05-15T17:51:37,17,9,0,26
2023-05-15T18:01:03,17,9,0,26
2023-05-15T18:10:28,17,9,0,26
2023-05-15T18:20:12,17,9,0,26
2023-05-15T18:29:38,17,9,0,26
2023-05-15T18:39:03,17,9,0,26
2023-05-15T18:48:28,17,9,0,26
2023-05-15T18:57:54,17,9,0,26
2023-05-15T19:07:21,17,9,0,26
2023-05-15T19:16:48,17,9,0,26
2023-05-15T19:26:14,17,9,0,26
2023-05-15T19:35:40,17,9,0,26
2023-05-15T19:45:05,17,9,0,26
2023-05-15T19:54:30,17,9,0,26
2023-05-15T20:03:55,17,9,0,26
2023-05-15T20:13:20,17,9,0,26
2023-05-15T20:22:45,17,9,0,26
2023-05-15T20:32:10,17,9,0,26
2023-05-15T20:41:35,17,9,0,26
2023-05-15T20:51:00,17,9,0,26
2023-05-15T21:00:25,17,9,0,26
2023-05-15T21:10:00,17,9,0,26
2023-05-15T21:19:26,17,9,0,26
2023-05-15T21:28:51,17,9,0,26
2023-05-15T21:38:16,17,9,0,26
2023-05-15T21:47:41,17,9,0,26
2023-05-15T21:57:06,17,9,0,26
2023-05-15T22:06:30,17,9,0,26
2023-05-15T22:15:55,17,9,0,26
2023-05-15T22:25:20,17,9,0,26
2023-05-15T22:34:47,17,9,0,26
2023-05-15T22:44:12,17,9,0,26
2023-05-15T22:53:37,17,9,0,26
2023-05-15T23:03:03,17,9,0,26
2023-05-15T23:12:28,17,9,0,26
2023-05-15T23:21:53,17,9,0,26
2023-05-15T23:31:19,17,9,0,26
2023-05-15T23:40:45,17,9,0,26
2023-05-15T23:50:11,17,9,0,26
2023-05-15T23:59:56,17,9,0,26
2023-05-16T00:09:24,17,9,0,26
2023-05-16T00:18:52,17,9,0,26
2023-05-16T00:28:21,17,9,0,26
2023-05-16T00:37:49,17,9,0,26
2023-05-16T00:47:19,17,9,0,26
2023-05-16T00:56:48,17,9,0,26
2023-05-16T01:06:20,17,9,0,26
2023-05-16T01:15:47,17,9,0,26
2023-05-16T01:25:15,17,9,0,26
2023-05-16T01:34:43,17,9,0,26
2023-05-16T01:44:10,17,9,0,26
2023-05-16T01:53:38,17,9,0,26
2023-05-16T02:03:05,17,9,0,26
2023-05-16T02:12:32,17,9,0,26
2023-05-16T02:22:00,17,9,0,26
2023-05-16T02:31:26,17,9,0,26
2023-05-16T02:40:53,17,9,0,26
2023-05-16T02:50:20,17,9,0,26
2023-05-16T02:59:45,17,9,0,26
2023-05-16T03:09:12,17,9,0,26
2023-05-16T03:18:41,17,9,0,26
2023-05-16T03:28:08,17,9,0,26
2023-05-16T03:37:37,17,9,0,26
2023-05-16T03:47:06,17,9,0,26
2023-05-16T03:56:37,17,9,0,26
2023-05-16T04:06:06,17,9,0,26
2023-05-16T04:18:00,17,9,0,26
2023-05-16T04:27:31,17,9,0,26
2023-05-16T04:38:40,17,9,0,26
2023-05-16T04:48:11,17,9,0,26
2023-05-16T04:57:40,17,9,0,26
2023-05-16T05:07:08,17,9,0,26
2023-05-16T05:16:36,17,9,0,26
2023-05-16T05:26:05,17,9,0,26
2023-05-16T05:35:34,17,9,0,26
2023-05-16T05:45:02,17,9,0,26
2023-05-16T05:54:31,17,9,0,26
2023-05-16T06:03:59,17,9,0,26
2023-05-16T06:13:27,17,9,0,26
2023-05-16T06:22:55,17,9,0,26
2023-05-16T06:32:23,17,9,0,26
2023-05-16T06:41:51,17,9,0,26
2023-05-16T06:51:19,17,9,0,26
2023-05-16T07:00:46,17,9,0,26
2023-05-16T07:10:14,17,9,0,26
2023-05-16T07:19:44,17,9,0,26
2023-05-16T07:29:12,17,9,0,26
2023-05-16T07:38:38,17,9,0,26
2023-05-16T07:48:05,17,9,0,26
2023-05-16T07:57:31,17,9,0,26
2023-05-16T08:06:58,17,9,0,26
2023-05-16T08:16:25,17,9,0,26
2023-05-16T08:25:52,17,9,0,26
2023-05-16T08:35:18,17,9,0,26
2023-05-16T08:44:45,17,9,0,26
2023-05-16T08:54:11,17,9,0,26
2023-05-16T09:03:37,17,9,0,26
2023-05-16T09:13:02,17,9,0,26
2023-05-16T09:22:27,17,9,0,26
2023-05-16T09:31:53,17,9,0,26
2023-05-16T09:41:27,17,9,0,26
2023-05-16T09:50:53,17,9,0,26
2023-05-16T10:00:18,17,9,0,26
2023-05-16T10:09:43,17,9,0,26
2023-05-16T10:19:08,17,9,0,26
2023-05-16T10:28:33,17,9,0,26
2023-05-16T10:37:58,17,9,0,26
2023-05-16T10:47:23,17,9,0,26
2023-05-16T10:56:48,17,9,0,26
2023-05-16T11:06:13,17,9,0,26
2023-05-16T11:15:38,17,9,0,26
